EBWS0724 
3.2500
11
15
Type of measurement (0=app. resistivity,1=resistance)
0
1249
2
0
4     0.0000  0.0     9.7500  0.0     3.2500  0.0     6.5000  0.0    183.4444
4     3.2500  0.0    13.0000  0.0     6.5000  0.0     9.7500  0.0    174.7937
4     6.5000  0.0    16.2500  0.0     9.7500  0.0    13.0000  0.0    174.0012
4     9.7500  0.0    19.5000  0.0    13.0000  0.0    16.2500  0.0    102.8158
4     3.2500  0.0    22.7500  0.0     9.7500  0.0    16.2500  0.0     10.0556
4    13.0000  0.0    22.7500  0.0    16.2500  0.0    19.5000  0.0    128.1749
4     6.5000  0.0    26.0000  0.0    13.0000  0.0    19.5000  0.0      7.7322
4    16.2500  0.0    26.0000  0.0    19.5000  0.0    22.7500  0.0     69.4549
4     9.7500  0.0    29.2500  0.0    16.2500  0.0    22.7500  0.0      8.1820
4    19.5000  0.0    29.2500  0.0    22.7500  0.0    26.0000  0.0    115.3098
4     3.2500  0.0    32.5000  0.0    13.0000  0.0    22.7500  0.0      1.6603
4     3.2500  0.0    32.5000  0.0    16.2500  0.0    19.5000  0.0      1.3259
4    13.0000  0.0    32.5000  0.0    19.5000  0.0    26.0000  0.0      3.7090
4    22.7500  0.0    32.5000  0.0    26.0000  0.0    29.2500  0.0     52.5367
4     6.5000  0.0    35.7500  0.0    16.2500  0.0    26.0000  0.0      1.6679
4     6.5000  0.0    35.7500  0.0    19.5000  0.0    22.7500  0.0      1.3288
4    16.2500  0.0    35.7500  0.0    22.7500  0.0    29.2500  0.0      2.2485
4    26.0000  0.0    35.7500  0.0    29.2500  0.0    32.5000  0.0     56.5133
4     9.7500  0.0    39.0000  0.0    19.5000  0.0    29.2500  0.0      1.6331
4     9.7500  0.0    39.0000  0.0    22.7500  0.0    26.0000  0.0      1.1956
4    19.5000  0.0    39.0000  0.0    26.0000  0.0    32.5000  0.0      2.2550
4    29.2500  0.0    39.0000  0.0    32.5000  0.0    35.7500  0.0     23.2034
4     3.2500  0.0    42.2500  0.0    19.5000  0.0    26.0000  0.0      1.5937
4     3.2500  0.0    42.2500  0.0    16.2500  0.0    29.2500  0.0      1.4852
4    13.0000  0.0    42.2500  0.0    22.7500  0.0    32.5000  0.0      1.5017
4    13.0000  0.0    42.2500  0.0    26.0000  0.0    29.2500  0.0      1.5360
4    22.7500  0.0    42.2500  0.0    29.2500  0.0    35.7500  0.0      2.8562
4    32.5000  0.0    42.2500  0.0    35.7500  0.0    39.0000  0.0     39.3298
4     6.5000  0.0    45.5000  0.0    22.7500  0.0    29.2500  0.0      1.8085
4     6.5000  0.0    45.5000  0.0    19.5000  0.0    32.5000  0.0      1.7452
4    16.2500  0.0    45.5000  0.0    26.0000  0.0    35.7500  0.0      1.4307
4    16.2500  0.0    45.5000  0.0    29.2500  0.0    32.5000  0.0      1.7289
4    26.0000  0.0    45.5000  0.0    32.5000  0.0    39.0000  0.0      1.4366
4    35.7500  0.0    45.5000  0.0    39.0000  0.0    42.2500  0.0     22.2425
4     9.7500  0.0    48.7500  0.0    22.7500  0.0    35.7500  0.0      1.6155
4     9.7500  0.0    48.7500  0.0    26.0000  0.0    32.5000  0.0      2.3812
4    19.5000  0.0    48.7500  0.0    29.2500  0.0    39.0000  0.0      1.3294
4    19.5000  0.0    48.7500  0.0    32.5000  0.0    35.7500  0.0      0.9640
4    29.2500  0.0    48.7500  0.0    35.7500  0.0    42.2500  0.0      1.7942
4    39.0000  0.0    48.7500  0.0    42.2500  0.0    45.5000  0.0     45.9299
4     3.2500  0.0    52.0000  0.0    19.5000  0.0    35.7500  0.0      1.6934
4     3.2500  0.0    52.0000  0.0    22.7500  0.0    32.5000  0.0      1.7255
4     3.2500  0.0    52.0000  0.0    26.0000  0.0    29.2500  0.0      1.5440
4    13.0000  0.0    52.0000  0.0    26.0000  0.0    39.0000  0.0      1.5811
4    13.0000  0.0    52.0000  0.0    29.2500  0.0    35.7500  0.0      1.6309
4    22.7500  0.0    52.0000  0.0    32.5000  0.0    42.2500  0.0      1.2860
4    22.7500  0.0    52.0000  0.0    35.7500  0.0    39.0000  0.0      1.3989
4    32.5000  0.0    52.0000  0.0    39.0000  0.0    45.5000  0.0      1.8753
4    42.2500  0.0    52.0000  0.0    45.5000  0.0    48.7500  0.0     22.5592
4     6.5000  0.0    55.2500  0.0    22.7500  0.0    39.0000  0.0      1.7469
4     6.5000  0.0    55.2500  0.0    26.0000  0.0    35.7500  0.0      1.9245
4     6.5000  0.0    55.2500  0.0    29.2500  0.0    32.5000  0.0      2.2708
4    16.2500  0.0    55.2500  0.0    29.2500  0.0    42.2500  0.0      1.4738
4    16.2500  0.0    55.2500  0.0    32.5000  0.0    39.0000  0.0      1.4786
4    26.0000  0.0    55.2500  0.0    35.7500  0.0    45.5000  0.0      1.3778
4    26.0000  0.0    55.2500  0.0    39.0000  0.0    42.2500  0.0      1.3002
4    35.7500  0.0    55.2500  0.0    42.2500  0.0    48.7500  0.0      1.7549
4    45.5000  0.0    55.2500  0.0    48.7500  0.0    52.0000  0.0     41.0243
4     9.7500  0.0    58.5000  0.0    26.0000  0.0    42.2500  0.0      1.8000
4     9.7500  0.0    58.5000  0.0    29.2500  0.0    39.0000  0.0      1.8653
4     9.7500  0.0    58.5000  0.0    32.5000  0.0    35.7500  0.0      0.6579
4    19.5000  0.0    58.5000  0.0    32.5000  0.0    45.5000  0.0      1.4924
4    19.5000  0.0    58.5000  0.0    35.7500  0.0    42.2500  0.0      1.5952
4    29.2500  0.0    58.5000  0.0    39.0000  0.0    48.7500  0.0      1.3421
4    29.2500  0.0    58.5000  0.0    42.2500  0.0    45.5000  0.0      1.6003
4    39.0000  0.0    58.5000  0.0    45.5000  0.0    52.0000  0.0      1.7613
4    48.7500  0.0    58.5000  0.0    52.0000  0.0    55.2500  0.0     30.6575
4     3.2500  0.0    61.7500  0.0    22.7500  0.0    42.2500  0.0      1.9470
4     3.2500  0.0    61.7500  0.0    26.0000  0.0    39.0000  0.0      1.9610
4     3.2500  0.0    61.7500  0.0    29.2500  0.0    35.7500  0.0      2.1886
4    13.0000  0.0    61.7500  0.0    29.2500  0.0    45.5000  0.0      1.9377
4    13.0000  0.0    61.7500  0.0    32.5000  0.0    42.2500  0.0      1.5836
4    13.0000  0.0    61.7500  0.0    35.7500  0.0    39.0000  0.0      1.9040
4    22.7500  0.0    61.7500  0.0    35.7500  0.0    48.7500  0.0      1.5176
4    22.7500  0.0    61.7500  0.0    39.0000  0.0    45.5000  0.0      1.7734
4    32.5000  0.0    61.7500  0.0    42.2500  0.0    52.0000  0.0      1.2127
4    32.5000  0.0    61.7500  0.0    45.5000  0.0    48.7500  0.0      1.1373
4    42.2500  0.0    61.7500  0.0    48.7500  0.0    55.2500  0.0      1.7490
4    52.0000  0.0    61.7500  0.0    55.2500  0.0    58.5000  0.0     35.5541
4     6.5000  0.0    65.0000  0.0    26.0000  0.0    45.5000  0.0      1.9650
4     6.5000  0.0    65.0000  0.0    29.2500  0.0    42.2500  0.0      1.9473
4     6.5000  0.0    65.0000  0.0    32.5000  0.0    39.0000  0.0      1.3695
4    16.2500  0.0    65.0000  0.0    32.5000  0.0    48.7500  0.0      1.6583
4    16.2500  0.0    65.0000  0.0    35.7500  0.0    45.5000  0.0      1.9599
4    16.2500  0.0    65.0000  0.0    39.0000  0.0    42.2500  0.0      1.6566
4    26.0000  0.0    65.0000  0.0    39.0000  0.0    52.0000  0.0      1.4372
4    26.0000  0.0    65.0000  0.0    42.2500  0.0    48.7500  0.0      1.5752
4    35.7500  0.0    65.0000  0.0    45.5000  0.0    55.2500  0.0      1.2203
4    35.7500  0.0    65.0000  0.0    48.7500  0.0    52.0000  0.0      1.3585
4    45.5000  0.0    65.0000  0.0    52.0000  0.0    58.5000  0.0      1.6098
4    55.2500  0.0    65.0000  0.0    58.5000  0.0    61.7500  0.0     29.7872
4     0.0000  0.0    68.2500  0.0    22.7500  0.0    45.5000  0.0      1.9869
4     0.0000  0.0    68.2500  0.0    26.0000  0.0    42.2500  0.0      2.2091
4     0.0000  0.0    68.2500  0.0    29.2500  0.0    39.0000  0.0      2.1995
4     0.0000  0.0    68.2500  0.0    32.5000  0.0    35.7500  0.0      1.9343
4     9.7500  0.0    68.2500  0.0    29.2500  0.0    48.7500  0.0      1.9281
4     9.7500  0.0    68.2500  0.0    32.5000  0.0    45.5000  0.0      1.4586
4     9.7500  0.0    68.2500  0.0    35.7500  0.0    42.2500  0.0      1.6432
4    19.5000  0.0    68.2500  0.0    35.7500  0.0    52.0000  0.0      1.6848
4    19.5000  0.0    68.2500  0.0    39.0000  0.0    48.7500  0.0      1.8132
4    19.5000  0.0    68.2500  0.0    42.2500  0.0    45.5000  0.0      2.4586
4    29.2500  0.0    68.2500  0.0    42.2500  0.0    55.2500  0.0      1.4452
4    29.2500  0.0    68.2500  0.0    45.5000  0.0    52.0000  0.0      1.2822
4    39.0000  0.0    68.2500  0.0    48.7500  0.0    58.5000  0.0      1.0862
4    39.0000  0.0    68.2500  0.0    52.0000  0.0    55.2500  0.0      1.3082
4    48.7500  0.0    68.2500  0.0    55.2500  0.0    61.7500  0.0      1.6257
4    58.5000  0.0    68.2500  0.0    61.7500  0.0    65.0000  0.0     50.6999
4     3.2500  0.0    71.5000  0.0    26.0000  0.0    48.7500  0.0      1.8517
4     3.2500  0.0    71.5000  0.0    29.2500  0.0    45.5000  0.0      2.0713
4     3.2500  0.0    71.5000  0.0    32.5000  0.0    42.2500  0.0      2.1586
4     3.2500  0.0    71.5000  0.0    35.7500  0.0    39.0000  0.0      1.9040
4    13.0000  0.0    71.5000  0.0    32.5000  0.0    52.0000  0.0      1.8630
4    13.0000  0.0    71.5000  0.0    35.7500  0.0    48.7500  0.0      2.0481
4    13.0000  0.0    71.5000  0.0    39.0000  0.0    45.5000  0.0      2.3849
4    22.7500  0.0    71.5000  0.0    39.0000  0.0    55.2500  0.0      1.6585
4    22.7500  0.0    71.5000  0.0    42.2500  0.0    52.0000  0.0      1.7259
4    22.7500  0.0    71.5000  0.0    45.5000  0.0    48.7500  0.0      1.3528
4    32.5000  0.0    71.5000  0.0    45.5000  0.0    58.5000  0.0      1.4212
4    32.5000  0.0    71.5000  0.0    48.7500  0.0    55.2500  0.0      1.6770
4    42.2500  0.0    71.5000  0.0    52.0000  0.0    61.7500  0.0      1.2564
4    42.2500  0.0    71.5000  0.0    55.2500  0.0    58.5000  0.0      1.1960
4    52.0000  0.0    71.5000  0.0    58.5000  0.0    65.0000  0.0      2.0889
4    61.7500  0.0    71.5000  0.0    65.0000  0.0    68.2500  0.0     30.5303
4     6.5000  0.0    74.7500  0.0    29.2500  0.0    52.0000  0.0      2.1548
4     6.5000  0.0    74.7500  0.0    32.5000  0.0    48.7500  0.0      1.7872
4     6.5000  0.0    74.7500  0.0    35.7500  0.0    45.5000  0.0      2.0345
4     6.5000  0.0    74.7500  0.0    39.0000  0.0    42.2500  0.0      2.1423
4    16.2500  0.0    74.7500  0.0    35.7500  0.0    55.2500  0.0      1.9098
4    16.2500  0.0    74.7500  0.0    39.0000  0.0    52.0000  0.0      1.9410
4    16.2500  0.0    74.7500  0.0    42.2500  0.0    48.7500  0.0      2.2717
4    26.0000  0.0    74.7500  0.0    42.2500  0.0    58.5000  0.0      1.6676
4    26.0000  0.0    74.7500  0.0    45.5000  0.0    55.2500  0.0      1.4604
4    26.0000  0.0    74.7500  0.0    48.7500  0.0    52.0000  0.0      1.3827
4    35.7500  0.0    74.7500  0.0    48.7500  0.0    61.7500  0.0      1.4143
4    35.7500  0.0    74.7500  0.0    52.0000  0.0    58.5000  0.0      1.4203
4    45.5000  0.0    74.7500  0.0    55.2500  0.0    65.0000  0.0      1.2183
4    45.5000  0.0    74.7500  0.0    58.5000  0.0    61.7500  0.0      1.2503
4    55.2500  0.0    74.7500  0.0    61.7500  0.0    68.2500  0.0      1.8252
4    65.0000  0.0    74.7500  0.0    68.2500  0.0    71.5000  0.0     72.5339
4     0.0000  0.0    78.0000  0.0    26.0000  0.0    52.0000  0.0      2.3854
4     0.0000  0.0    78.0000  0.0    29.2500  0.0    48.7500  0.0      2.3175
4     0.0000  0.0    78.0000  0.0    32.5000  0.0    45.5000  0.0      2.2264
4     0.0000  0.0    78.0000  0.0    35.7500  0.0    42.2500  0.0      2.4278
4     9.7500  0.0    78.0000  0.0    32.5000  0.0    55.2500  0.0      1.7786
4     9.7500  0.0    78.0000  0.0    35.7500  0.0    52.0000  0.0      2.0297
4     9.7500  0.0    78.0000  0.0    39.0000  0.0    48.7500  0.0      2.0939
4     9.7500  0.0    78.0000  0.0    42.2500  0.0    45.5000  0.0      2.0421
4    19.5000  0.0    78.0000  0.0    39.0000  0.0    58.5000  0.0      1.9262
4    19.5000  0.0    78.0000  0.0    42.2500  0.0    55.2500  0.0      1.9582
4    19.5000  0.0    78.0000  0.0    45.5000  0.0    52.0000  0.0      1.5605
4    29.2500  0.0    78.0000  0.0    45.5000  0.0    61.7500  0.0      1.5631
4    29.2500  0.0    78.0000  0.0    48.7500  0.0    58.5000  0.0      1.6761
4    29.2500  0.0    78.0000  0.0    52.0000  0.0    55.2500  0.0      1.7454
4    39.0000  0.0    78.0000  0.0    52.0000  0.0    65.0000  0.0      1.4576
4    39.0000  0.0    78.0000  0.0    55.2500  0.0    61.7500  0.0      1.4118
4    48.7500  0.0    78.0000  0.0    58.5000  0.0    68.2500  0.0      1.2386
4    48.7500  0.0    78.0000  0.0    61.7500  0.0    65.0000  0.0      1.3657
4    58.5000  0.0    78.0000  0.0    65.0000  0.0    71.5000  0.0      1.9663
4    68.2500  0.0    78.0000  0.0    71.5000  0.0    74.7500  0.0     58.9846
4     3.2500  0.0    81.2500  0.0    29.2500  0.0    55.2500  0.0      2.3669
4     3.2500  0.0    81.2500  0.0    32.5000  0.0    52.0000  0.0      2.4422
4     3.2500  0.0    81.2500  0.0    35.7500  0.0    48.7500  0.0      2.1792
4     3.2500  0.0    81.2500  0.0    39.0000  0.0    45.5000  0.0      2.3006
4    13.0000  0.0    81.2500  0.0    35.7500  0.0    58.5000  0.0      2.1196
4    13.0000  0.0    81.2500  0.0    39.0000  0.0    55.2500  0.0      2.2139
4    13.0000  0.0    81.2500  0.0    42.2500  0.0    52.0000  0.0      2.2810
4    13.0000  0.0    81.2500  0.0    45.5000  0.0    48.7500  0.0      1.6642
4    22.7500  0.0    81.2500  0.0    42.2500  0.0    61.7500  0.0      1.9258
4    22.7500  0.0    81.2500  0.0    45.5000  0.0    58.5000  0.0      1.7956
4    22.7500  0.0    81.2500  0.0    48.7500  0.0    55.2500  0.0      1.8060
4    32.5000  0.0    81.2500  0.0    48.7500  0.0    65.0000  0.0      1.7229
4    32.5000  0.0    81.2500  0.0    52.0000  0.0    61.7500  0.0      1.5799
4    32.5000  0.0    81.2500  0.0    55.2500  0.0    58.5000  0.0      1.3886
4    42.2500  0.0    81.2500  0.0    55.2500  0.0    68.2500  0.0      1.3874
4    42.2500  0.0    81.2500  0.0    58.5000  0.0    65.0000  0.0      1.5151
4    52.0000  0.0    81.2500  0.0    61.7500  0.0    71.5000  0.0      1.1737
4    52.0000  0.0    81.2500  0.0    65.0000  0.0    68.2500  0.0      1.1005
4    61.7500  0.0    81.2500  0.0    68.2500  0.0    74.7500  0.0      2.1726
4    71.5000  0.0    81.2500  0.0    74.7500  0.0    78.0000  0.0     72.1757
4     6.5000  0.0    84.5000  0.0    32.5000  0.0    58.5000  0.0      2.3502
4     6.5000  0.0    84.5000  0.0    35.7500  0.0    55.2500  0.0      2.3434
4     6.5000  0.0    84.5000  0.0    39.0000  0.0    52.0000  0.0      2.5310
4     6.5000  0.0    84.5000  0.0    42.2500  0.0    48.7500  0.0      2.1415
4    16.2500  0.0    84.5000  0.0    39.0000  0.0    61.7500  0.0      2.3945
4    16.2500  0.0    84.5000  0.0    42.2500  0.0    58.5000  0.0      2.2708
4    16.2500  0.0    84.5000  0.0    45.5000  0.0    55.2500  0.0      2.1226
4    16.2500  0.0    84.5000  0.0    48.7500  0.0    52.0000  0.0      2.2045
4    26.0000  0.0    84.5000  0.0    45.5000  0.0    65.0000  0.0      1.8436
4    26.0000  0.0    84.5000  0.0    48.7500  0.0    61.7500  0.0      1.9335
4    26.0000  0.0    84.5000  0.0    52.0000  0.0    58.5000  0.0      2.0416
4    35.7500  0.0    84.5000  0.0    52.0000  0.0    68.2500  0.0      1.5992
4    35.7500  0.0    84.5000  0.0    55.2500  0.0    65.0000  0.0      1.7139
4    35.7500  0.0    84.5000  0.0    58.5000  0.0    61.7500  0.0      1.6475
4    45.5000  0.0    84.5000  0.0    58.5000  0.0    71.5000  0.0      1.4276
4    45.5000  0.0    84.5000  0.0    61.7500  0.0    68.2500  0.0      1.4642
4    55.2500  0.0    84.5000  0.0    65.0000  0.0    74.7500  0.0      1.1802
4    55.2500  0.0    84.5000  0.0    68.2500  0.0    71.5000  0.0      1.2022
4    65.0000  0.0    84.5000  0.0    71.5000  0.0    78.0000  0.0      2.7501
4    74.7500  0.0    84.5000  0.0    78.0000  0.0    81.2500  0.0     80.2391
4     9.7500  0.0    87.7500  0.0    35.7500  0.0    61.7500  0.0      2.6134
4     9.7500  0.0    87.7500  0.0    39.0000  0.0    58.5000  0.0      2.3744
4     9.7500  0.0    87.7500  0.0    42.2500  0.0    55.2500  0.0      2.6471
4     9.7500  0.0    87.7500  0.0    45.5000  0.0    52.0000  0.0      3.1585
4    19.5000  0.0    87.7500  0.0    42.2500  0.0    65.0000  0.0      2.4483
4    19.5000  0.0    87.7500  0.0    45.5000  0.0    61.7500  0.0      2.1540
4    19.5000  0.0    87.7500  0.0    48.7500  0.0    58.5000  0.0      2.2553
4    19.5000  0.0    87.7500  0.0    52.0000  0.0    55.2500  0.0      2.2329
4    29.2500  0.0    87.7500  0.0    48.7500  0.0    68.2500  0.0      1.8763
4    29.2500  0.0    87.7500  0.0    52.0000  0.0    65.0000  0.0      1.9869
4    29.2500  0.0    87.7500  0.0    55.2500  0.0    61.7500  0.0      2.0099
4    39.0000  0.0    87.7500  0.0    55.2500  0.0    71.5000  0.0      1.5107
4    39.0000  0.0    87.7500  0.0    58.5000  0.0    68.2500  0.0      1.6125
4    39.0000  0.0    87.7500  0.0    61.7500  0.0    65.0000  0.0      1.9071
4    48.7500  0.0    87.7500  0.0    61.7500  0.0    74.7500  0.0      1.3517
4    48.7500  0.0    87.7500  0.0    65.0000  0.0    71.5000  0.0      1.3269
4    58.5000  0.0    87.7500  0.0    68.2500  0.0    78.0000  0.0      1.0043
4    58.5000  0.0    87.7500  0.0    71.5000  0.0    74.7500  0.0      1.0100
4    68.2500  0.0    87.7500  0.0    74.7500  0.0    81.2500  0.0      2.4008
4    78.0000  0.0    87.7500  0.0    81.2500  0.0    84.5000  0.0     90.1561
4     3.2500  0.0    91.0000  0.0    32.5000  0.0    61.7500  0.0      2.5788
4     3.2500  0.0    91.0000  0.0    39.0000  0.0    55.2500  0.0      2.9562
4     3.2500  0.0    91.0000  0.0    45.5000  0.0    48.7500  0.0      2.7283
4    13.0000  0.0    91.0000  0.0    39.0000  0.0    65.0000  0.0      2.5216
4    13.0000  0.0    91.0000  0.0    42.2500  0.0    61.7500  0.0      2.4891
4    13.0000  0.0    91.0000  0.0    45.5000  0.0    58.5000  0.0      2.4951
4    13.0000  0.0    91.0000  0.0    48.7500  0.0    55.2500  0.0      2.8240
4    22.7500  0.0    91.0000  0.0    45.5000  0.0    68.2500  0.0      2.0987
4    22.7500  0.0    91.0000  0.0    48.7500  0.0    65.0000  0.0      2.2797
4    22.7500  0.0    91.0000  0.0    52.0000  0.0    61.7500  0.0      2.1921
4    22.7500  0.0    91.0000  0.0    55.2500  0.0    58.5000  0.0      2.1873
4    32.5000  0.0    91.0000  0.0    52.0000  0.0    71.5000  0.0      1.8202
4    32.5000  0.0    91.0000  0.0    55.2500  0.0    68.2500  0.0      1.8251
4    32.5000  0.0    91.0000  0.0    58.5000  0.0    65.0000  0.0      2.3349
4    42.2500  0.0    91.0000  0.0    58.5000  0.0    74.7500  0.0      1.5780
4    42.2500  0.0    91.0000  0.0    61.7500  0.0    71.5000  0.0      1.7313
4    42.2500  0.0    91.0000  0.0    65.0000  0.0    68.2500  0.0      1.4206
4    52.0000  0.0    91.0000  0.0    65.0000  0.0    78.0000  0.0      1.2306
4    52.0000  0.0    91.0000  0.0    68.2500  0.0    74.7500  0.0      1.3085
4    61.7500  0.0    91.0000  0.0    71.5000  0.0    81.2500  0.0      1.0913
4    61.7500  0.0    91.0000  0.0    74.7500  0.0    78.0000  0.0      1.0317
4    71.5000  0.0    91.0000  0.0    78.0000  0.0    84.5000  0.0      2.5577
4    81.2500  0.0    91.0000  0.0    84.5000  0.0    87.7500  0.0     84.0163
4     6.5000  0.0    94.2500  0.0    35.7500  0.0    65.0000  0.0      2.5547
4     6.5000  0.0    94.2500  0.0    42.2500  0.0    58.5000  0.0      2.7232
4     6.5000  0.0    94.2500  0.0    48.7500  0.0    52.0000  0.0      4.9328
4    16.2500  0.0    94.2500  0.0    42.2500  0.0    68.2500  0.0      2.3976
4    16.2500  0.0    94.2500  0.0    45.5000  0.0    65.0000  0.0      2.4956
4    16.2500  0.0    94.2500  0.0    48.7500  0.0    61.7500  0.0      2.5949
4    16.2500  0.0    94.2500  0.0    52.0000  0.0    58.5000  0.0      2.5552
4    26.0000  0.0    94.2500  0.0    48.7500  0.0    71.5000  0.0      2.1458
4    26.0000  0.0    94.2500  0.0    52.0000  0.0    68.2500  0.0      2.1752
4    26.0000  0.0    94.2500  0.0    55.2500  0.0    65.0000  0.0      2.3114
4    26.0000  0.0    94.2500  0.0    58.5000  0.0    61.7500  0.0      2.2184
4    35.7500  0.0    94.2500  0.0    55.2500  0.0    74.7500  0.0      1.7845
4    35.7500  0.0    94.2500  0.0    58.5000  0.0    71.5000  0.0      1.9753
4    35.7500  0.0    94.2500  0.0    61.7500  0.0    68.2500  0.0      2.1014
4    45.5000  0.0    94.2500  0.0    61.7500  0.0    78.0000  0.0      1.5701
4    45.5000  0.0    94.2500  0.0    65.0000  0.0    74.7500  0.0      1.4965
4    45.5000  0.0    94.2500  0.0    68.2500  0.0    71.5000  0.0      1.8815
4    55.2500  0.0    94.2500  0.0    68.2500  0.0    81.2500  0.0      1.2650
4    55.2500  0.0    94.2500  0.0    71.5000  0.0    78.0000  0.0      1.2592
4    65.0000  0.0    94.2500  0.0    74.7500  0.0    84.5000  0.0      1.1563
4    65.0000  0.0    94.2500  0.0    78.0000  0.0    81.2500  0.0      1.1582
4    74.7500  0.0    94.2500  0.0    81.2500  0.0    87.7500  0.0      2.8957
4    84.5000  0.0    94.2500  0.0    87.7500  0.0    91.0000  0.0    104.3251
4     9.7500  0.0    97.5000  0.0    39.0000  0.0    68.2500  0.0      2.6345
4     9.7500  0.0    97.5000  0.0    45.5000  0.0    61.7500  0.0      3.0084
4     9.7500  0.0    97.5000  0.0    52.0000  0.0    55.2500  0.0      2.9185
4    19.5000  0.0    97.5000  0.0    45.5000  0.0    71.5000  0.0      2.2392
4    19.5000  0.0    97.5000  0.0    48.7500  0.0    68.2500  0.0      2.4922
4    19.5000  0.0    97.5000  0.0    52.0000  0.0    65.0000  0.0      2.5675
4    19.5000  0.0    97.5000  0.0    55.2500  0.0    61.7500  0.0      2.5118
4    29.2500  0.0    97.5000  0.0    52.0000  0.0    74.7500  0.0      1.8519
4    29.2500  0.0    97.5000  0.0    55.2500  0.0    71.5000  0.0      2.1389
4    29.2500  0.0    97.5000  0.0    58.5000  0.0    68.2500  0.0      2.2387
4    29.2500  0.0    97.5000  0.0    61.7500  0.0    65.0000  0.0      2.7013
4    39.0000  0.0    97.5000  0.0    58.5000  0.0    78.0000  0.0      1.7982
4    39.0000  0.0    97.5000  0.0    61.7500  0.0    74.7500  0.0      1.9163
4    39.0000  0.0    97.5000  0.0    65.0000  0.0    71.5000  0.0      1.8312
4    48.7500  0.0    97.5000  0.0    65.0000  0.0    81.2500  0.0      1.4076
4    48.7500  0.0    97.5000  0.0    68.2500  0.0    78.0000  0.0      1.4912
4    48.7500  0.0    97.5000  0.0    71.5000  0.0    74.7500  0.0      1.3520
4    58.5000  0.0    97.5000  0.0    71.5000  0.0    84.5000  0.0      1.2356
4    58.5000  0.0    97.5000  0.0    74.7500  0.0    81.2500  0.0      1.2077
4    68.2500  0.0    97.5000  0.0    78.0000  0.0    87.7500  0.0      1.1678
4    68.2500  0.0    97.5000  0.0    81.2500  0.0    84.5000  0.0      1.1265
4    78.0000  0.0    97.5000  0.0    84.5000  0.0    91.0000  0.0      3.0851
4    87.7500  0.0    97.5000  0.0    91.0000  0.0    94.2500  0.0     68.5462
4     3.2500  0.0   100.7500  0.0    35.7500  0.0    68.2500  0.0      2.8030
4     3.2500  0.0   100.7500  0.0    42.2500  0.0    61.7500  0.0      2.8727
4     3.2500  0.0   100.7500  0.0    48.7500  0.0    55.2500  0.0      5.1568
4    13.0000  0.0   100.7500  0.0    42.2500  0.0    71.5000  0.0      2.6319
4    13.0000  0.0   100.7500  0.0    48.7500  0.0    65.0000  0.0      2.9359
4    13.0000  0.0   100.7500  0.0    55.2500  0.0    58.5000  0.0      2.6759
4    22.7500  0.0   100.7500  0.0    48.7500  0.0    74.7500  0.0      2.3116
4    22.7500  0.0   100.7500  0.0    52.0000  0.0    71.5000  0.0      2.3878
4    22.7500  0.0   100.7500  0.0    55.2500  0.0    68.2500  0.0      2.4568
4    22.7500  0.0   100.7500  0.0    58.5000  0.0    65.0000  0.0      2.7042
4    32.5000  0.0   100.7500  0.0    55.2500  0.0    78.0000  0.0      1.9876
4    32.5000  0.0   100.7500  0.0    58.5000  0.0    74.7500  0.0      2.2203
4    32.5000  0.0   100.7500  0.0    61.7500  0.0    71.5000  0.0      2.5384
4    32.5000  0.0   100.7500  0.0    65.0000  0.0    68.2500  0.0      1.7811
4    42.2500  0.0   100.7500  0.0    61.7500  0.0    81.2500  0.0      1.7572
4    42.2500  0.0   100.7500  0.0    65.0000  0.0    78.0000  0.0      1.6751
4    42.2500  0.0   100.7500  0.0    68.2500  0.0    74.7500  0.0      1.8077
4    52.0000  0.0   100.7500  0.0    68.2500  0.0    84.5000  0.0      1.4380
4    52.0000  0.0   100.7500  0.0    71.5000  0.0    81.2500  0.0      1.4344
4    52.0000  0.0   100.7500  0.0    74.7500  0.0    78.0000  0.0      1.4555
4    61.7500  0.0   100.7500  0.0    74.7500  0.0    87.7500  0.0      1.2265
4    61.7500  0.0   100.7500  0.0    78.0000  0.0    84.5000  0.0      1.3297
4    71.5000  0.0   100.7500  0.0    81.2500  0.0    91.0000  0.0      0.9012
4    71.5000  0.0   100.7500  0.0    84.5000  0.0    87.7500  0.0      1.1439
4    81.2500  0.0   100.7500  0.0    87.7500  0.0    94.2500  0.0      2.5444
4    91.0000  0.0   100.7500  0.0    94.2500  0.0    97.5000  0.0     74.3777
4     6.5000  0.0   104.0000  0.0    39.0000  0.0    71.5000  0.0      2.8660
4     6.5000  0.0   104.0000  0.0    45.5000  0.0    65.0000  0.0      3.4085
4     6.5000  0.0   104.0000  0.0    52.0000  0.0    58.5000  0.0      2.7117
4    16.2500  0.0   104.0000  0.0    45.5000  0.0    74.7500  0.0      2.5420
4    16.2500  0.0   104.0000  0.0    52.0000  0.0    68.2500  0.0      2.7653
4    16.2500  0.0   104.0000  0.0    58.5000  0.0    61.7500  0.0      2.6560
4    26.0000  0.0   104.0000  0.0    52.0000  0.0    78.0000  0.0      2.5658
4    26.0000  0.0   104.0000  0.0    55.2500  0.0    74.7500  0.0      2.3542
4    26.0000  0.0   104.0000  0.0    58.5000  0.0    71.5000  0.0      2.4266
4    26.0000  0.0   104.0000  0.0    61.7500  0.0    68.2500  0.0      2.5222
4    35.7500  0.0   104.0000  0.0    58.5000  0.0    81.2500  0.0      2.2196
4    35.7500  0.0   104.0000  0.0    61.7500  0.0    78.0000  0.0      2.1160
4    35.7500  0.0   104.0000  0.0    65.0000  0.0    74.7500  0.0      1.9821
4    35.7500  0.0   104.0000  0.0    68.2500  0.0    71.5000  0.0      2.2574
4    45.5000  0.0   104.0000  0.0    65.0000  0.0    84.5000  0.0      1.7433
4    45.5000  0.0   104.0000  0.0    68.2500  0.0    81.2500  0.0      1.7347
4    45.5000  0.0   104.0000  0.0    71.5000  0.0    78.0000  0.0      1.5864
4    55.2500  0.0   104.0000  0.0    71.5000  0.0    87.7500  0.0      1.4384
4    55.2500  0.0   104.0000  0.0    74.7500  0.0    84.5000  0.0      1.4804
4    55.2500  0.0   104.0000  0.0    78.0000  0.0    81.2500  0.0      1.4891
4    65.0000  0.0   104.0000  0.0    78.0000  0.0    91.0000  0.0      1.3819
4    65.0000  0.0   104.0000  0.0    81.2500  0.0    87.7500  0.0      1.3404
4    74.7500  0.0   104.0000  0.0    84.5000  0.0    94.2500  0.0      1.2482
4    74.7500  0.0   104.0000  0.0    87.7500  0.0    91.0000  0.0      1.3586
4    84.5000  0.0   104.0000  0.0    91.0000  0.0    97.5000  0.0      3.2254
4    94.2500  0.0   104.0000  0.0    97.5000  0.0   100.7500  0.0    230.6111
4     9.7500  0.0   107.2500  0.0    42.2500  0.0    74.7500  0.0      2.8684
4     9.7500  0.0   107.2500  0.0    48.7500  0.0    68.2500  0.0      3.4565
4     9.7500  0.0   107.2500  0.0    55.2500  0.0    61.7500  0.0      2.4257
4    19.5000  0.0   107.2500  0.0    48.7500  0.0    78.0000  0.0      2.5846
4    19.5000  0.0   107.2500  0.0    55.2500  0.0    71.5000  0.0      2.7549
4    19.5000  0.0   107.2500  0.0    61.7500  0.0    65.0000  0.0      3.2488
4    29.2500  0.0   107.2500  0.0    55.2500  0.0    81.2500  0.0      2.1279
4    29.2500  0.0   107.2500  0.0    58.5000  0.0    78.0000  0.0      2.3355
4    29.2500  0.0   107.2500  0.0    61.7500  0.0    74.7500  0.0      2.4222
4    29.2500  0.0   107.2500  0.0    65.0000  0.0    71.5000  0.0      2.3534
4    39.0000  0.0   107.2500  0.0    61.7500  0.0    84.5000  0.0      2.2325
4    39.0000  0.0   107.2500  0.0    65.0000  0.0    81.2500  0.0      1.9448
4    39.0000  0.0   107.2500  0.0    68.2500  0.0    78.0000  0.0      2.0235
4    39.0000  0.0   107.2500  0.0    71.5000  0.0    74.7500  0.0      1.8957
4    48.7500  0.0   107.2500  0.0    68.2500  0.0    87.7500  0.0      1.7199
4    48.7500  0.0   107.2500  0.0    71.5000  0.0    84.5000  0.0      1.7753
4    48.7500  0.0   107.2500  0.0    74.7500  0.0    81.2500  0.0      1.7228
4    58.5000  0.0   107.2500  0.0    74.7500  0.0    91.0000  0.0      1.5343
4    58.5000  0.0   107.2500  0.0    78.0000  0.0    87.7500  0.0      1.5415
4    58.5000  0.0   107.2500  0.0    81.2500  0.0    84.5000  0.0      1.7504
4    68.2500  0.0   107.2500  0.0    81.2500  0.0    94.2500  0.0      1.3151
4    68.2500  0.0   107.2500  0.0    84.5000  0.0    91.0000  0.0      1.3848
4    78.0000  0.0   107.2500  0.0    87.7500  0.0    97.5000  0.0      1.3870
4    78.0000  0.0   107.2500  0.0    91.0000  0.0    94.2500  0.0      1.0614
4    87.7500  0.0   107.2500  0.0    94.2500  0.0   100.7500  0.0     18.0189
4    97.5000  0.0   107.2500  0.0   100.7500  0.0   104.0000  0.0    807.4738
4     3.2500  0.0   110.5000  0.0    39.0000  0.0    74.7500  0.0      3.1871
4     3.2500  0.0   110.5000  0.0    45.5000  0.0    68.2500  0.0      3.7086
4     3.2500  0.0   110.5000  0.0    52.0000  0.0    61.7500  0.0      2.7432
4    13.0000  0.0   110.5000  0.0    45.5000  0.0    78.0000  0.0      2.7950
4    13.0000  0.0   110.5000  0.0    52.0000  0.0    71.5000  0.0      3.0014
4    13.0000  0.0   110.5000  0.0    58.5000  0.0    65.0000  0.0      3.3609
4    22.7500  0.0   110.5000  0.0    52.0000  0.0    81.2500  0.0      2.4613
4    22.7500  0.0   110.5000  0.0    58.5000  0.0    74.7500  0.0      2.6776
4    22.7500  0.0   110.5000  0.0    65.0000  0.0    68.2500  0.0      2.3300
4    32.5000  0.0   110.5000  0.0    58.5000  0.0    84.5000  0.0      2.8395
4    32.5000  0.0   110.5000  0.0    61.7500  0.0    81.2500  0.0      2.4269
4    32.5000  0.0   110.5000  0.0    65.0000  0.0    78.0000  0.0      2.1969
4    32.5000  0.0   110.5000  0.0    68.2500  0.0    74.7500  0.0      2.3666
4    42.2500  0.0   110.5000  0.0    65.0000  0.0    87.7500  0.0      2.5381
4    42.2500  0.0   110.5000  0.0    68.2500  0.0    84.5000  0.0      2.0224
4    42.2500  0.0   110.5000  0.0    71.5000  0.0    81.2500  0.0      1.9062
4    42.2500  0.0   110.5000  0.0    74.7500  0.0    78.0000  0.0      1.9343
4    52.0000  0.0   110.5000  0.0    71.5000  0.0    91.0000  0.0      1.7483
4    52.0000  0.0   110.5000  0.0    74.7500  0.0    87.7500  0.0      1.7306
4    52.0000  0.0   110.5000  0.0    78.0000  0.0    84.5000  0.0      1.8153
4    61.7500  0.0   110.5000  0.0    78.0000  0.0    94.2500  0.0      1.5206
4    61.7500  0.0   110.5000  0.0    81.2500  0.0    91.0000  0.0      1.7195
4    61.7500  0.0   110.5000  0.0    84.5000  0.0    87.7500  0.0      1.4181
4    71.5000  0.0   110.5000  0.0    84.5000  0.0    97.5000  0.0      1.3524
4    71.5000  0.0   110.5000  0.0    87.7500  0.0    94.2500  0.0      1.2794
4    81.2500  0.0   110.5000  0.0    91.0000  0.0   100.7500  0.0      3.5017
4    81.2500  0.0   110.5000  0.0    94.2500  0.0    97.5000  0.0      1.2969
4    91.0000  0.0   110.5000  0.0    97.5000  0.0   104.0000  0.0    183.8861
4   100.7500  0.0   110.5000  0.0   104.0000  0.0   107.2500  0.0    857.1177
4     6.5000  0.0   113.7500  0.0    42.2500  0.0    78.0000  0.0      3.1143
4     6.5000  0.0   113.7500  0.0    48.7500  0.0    71.5000  0.0      3.6450
4     6.5000  0.0   113.7500  0.0    55.2500  0.0    65.0000  0.0      3.4092
4    16.2500  0.0   113.7500  0.0    48.7500  0.0    81.2500  0.0      2.8054
4    16.2500  0.0   113.7500  0.0    55.2500  0.0    74.7500  0.0      2.9348
4    16.2500  0.0   113.7500  0.0    61.7500  0.0    68.2500  0.0      3.1175
4    26.0000  0.0   113.7500  0.0    55.2500  0.0    84.5000  0.0      2.4587
4    26.0000  0.0   113.7500  0.0    61.7500  0.0    78.0000  0.0      2.5917
4    26.0000  0.0   113.7500  0.0    68.2500  0.0    71.5000  0.0      2.7067
4    35.7500  0.0   113.7500  0.0    61.7500  0.0    87.7500  0.0      2.5767
4    35.7500  0.0   113.7500  0.0    65.0000  0.0    84.5000  0.0      2.2220
4    35.7500  0.0   113.7500  0.0    68.2500  0.0    81.2500  0.0      2.2268
4    35.7500  0.0   113.7500  0.0    71.5000  0.0    78.0000  0.0      2.1331
4    45.5000  0.0   113.7500  0.0    68.2500  0.0    91.0000  0.0      2.1339
4    45.5000  0.0   113.7500  0.0    71.5000  0.0    87.7500  0.0      1.9765
4    45.5000  0.0   113.7500  0.0    74.7500  0.0    84.5000  0.0      2.1662
4    45.5000  0.0   113.7500  0.0    78.0000  0.0    81.2500  0.0      1.9174
4    55.2500  0.0   113.7500  0.0    74.7500  0.0    94.2500  0.0      1.6959
4    55.2500  0.0   113.7500  0.0    78.0000  0.0    91.0000  0.0      1.8281
4    55.2500  0.0   113.7500  0.0    81.2500  0.0    87.7500  0.0      1.8193
4    65.0000  0.0   113.7500  0.0    81.2500  0.0    97.5000  0.0      1.5265
4    65.0000  0.0   113.7500  0.0    84.5000  0.0    94.2500  0.0      1.5290
4    65.0000  0.0   113.7500  0.0    87.7500  0.0    91.0000  0.0      1.8188
4    74.7500  0.0   113.7500  0.0    87.7500  0.0   100.7500  0.0      1.4552
4    74.7500  0.0   113.7500  0.0    91.0000  0.0    97.5000  0.0      1.2347
4    84.5000  0.0   113.7500  0.0    94.2500  0.0   104.0000  0.0     10.2074
4    84.5000  0.0   113.7500  0.0    97.5000  0.0   100.7500  0.0      1.5351
4    94.2500  0.0   113.7500  0.0   100.7500  0.0   107.2500  0.0     48.7691
4   104.0000  0.0   113.7500  0.0   107.2500  0.0   110.5000  0.0   1540.9012
4     9.7500  0.0   117.0000  0.0    45.5000  0.0    81.2500  0.0      3.2402
4     9.7500  0.0   117.0000  0.0    52.0000  0.0    74.7500  0.0      3.1183
4     9.7500  0.0   117.0000  0.0    58.5000  0.0    68.2500  0.0      3.5715
4    19.5000  0.0   117.0000  0.0    52.0000  0.0    84.5000  0.0      2.7113
4    19.5000  0.0   117.0000  0.0    58.5000  0.0    78.0000  0.0      2.8442
4    19.5000  0.0   117.0000  0.0    65.0000  0.0    71.5000  0.0      2.8245
4    29.2500  0.0   117.0000  0.0    58.5000  0.0    87.7500  0.0      2.4749
4    29.2500  0.0   117.0000  0.0    65.0000  0.0    81.2500  0.0      2.4913
4    29.2500  0.0   117.0000  0.0    71.5000  0.0    74.7500  0.0      2.4449
4    39.0000  0.0   117.0000  0.0    65.0000  0.0    91.0000  0.0      2.7172
4    39.0000  0.0   117.0000  0.0    68.2500  0.0    87.7500  0.0      2.1574
4    39.0000  0.0   117.0000  0.0    71.5000  0.0    84.5000  0.0      2.1767
4    39.0000  0.0   117.0000  0.0    74.7500  0.0    81.2500  0.0      2.0688
4    48.7500  0.0   117.0000  0.0    71.5000  0.0    94.2500  0.0      2.1399
4    48.7500  0.0   117.0000  0.0    74.7500  0.0    91.0000  0.0      2.2593
4    48.7500  0.0   117.0000  0.0    78.0000  0.0    87.7500  0.0      2.0160
4    48.7500  0.0   117.0000  0.0    81.2500  0.0    84.5000  0.0      2.7193
4    58.5000  0.0   117.0000  0.0    78.0000  0.0    97.5000  0.0      1.7239
4    58.5000  0.0   117.0000  0.0    81.2500  0.0    94.2500  0.0      1.8009
4    58.5000  0.0   117.0000  0.0    84.5000  0.0    91.0000  0.0      2.0659
4    68.2500  0.0   117.0000  0.0    84.5000  0.0   100.7500  0.0      1.4995
4    68.2500  0.0   117.0000  0.0    87.7500  0.0    97.5000  0.0      1.4640
4    68.2500  0.0   117.0000  0.0    91.0000  0.0    94.2500  0.0      1.0179
4    78.0000  0.0   117.0000  0.0    91.0000  0.0   104.0000  0.0      1.6109
4    78.0000  0.0   117.0000  0.0    94.2500  0.0   100.7500  0.0      1.3923
4    87.7500  0.0   117.0000  0.0    97.5000  0.0   107.2500  0.0      3.5482
4    87.7500  0.0   117.0000  0.0   100.7500  0.0   104.0000  0.0      2.1153
4    97.5000  0.0   117.0000  0.0   104.0000  0.0   110.5000  0.0     48.2088
4   107.2500  0.0   117.0000  0.0   110.5000  0.0   113.7500  0.0   1132.9149
4     3.2500  0.0   120.2500  0.0    42.2500  0.0    81.2500  0.0      3.6064
4     3.2500  0.0   120.2500  0.0    48.7500  0.0    74.7500  0.0      3.9871
4     3.2500  0.0   120.2500  0.0    55.2500  0.0    68.2500  0.0      3.3136
4    13.0000  0.0   120.2500  0.0    48.7500  0.0    84.5000  0.0      2.9746
4    13.0000  0.0   120.2500  0.0    55.2500  0.0    78.0000  0.0      3.1218
4    13.0000  0.0   120.2500  0.0    61.7500  0.0    71.5000  0.0      3.3085
4    22.7500  0.0   120.2500  0.0    55.2500  0.0    87.7500  0.0      2.6172
4    22.7500  0.0   120.2500  0.0    61.7500  0.0    81.2500  0.0      2.7595
4    22.7500  0.0   120.2500  0.0    68.2500  0.0    74.7500  0.0      2.8489
4    32.5000  0.0   120.2500  0.0    61.7500  0.0    91.0000  0.0      2.8366
4    32.5000  0.0   120.2500  0.0    68.2500  0.0    84.5000  0.0      2.6688
4    32.5000  0.0   120.2500  0.0    74.7500  0.0    78.0000  0.0      2.3399
4    42.2500  0.0   120.2500  0.0    68.2500  0.0    94.2500  0.0      2.4856
4    42.2500  0.0   120.2500  0.0    71.5000  0.0    91.0000  0.0      2.4213
4    42.2500  0.0   120.2500  0.0    74.7500  0.0    87.7500  0.0      2.2618
4    42.2500  0.0   120.2500  0.0    78.0000  0.0    84.5000  0.0      2.4062
4    52.0000  0.0   120.2500  0.0    74.7500  0.0    97.5000  0.0      2.1717
4    52.0000  0.0   120.2500  0.0    78.0000  0.0    94.2500  0.0      1.9962
4    52.0000  0.0   120.2500  0.0    81.2500  0.0    91.0000  0.0      2.3998
4    52.0000  0.0   120.2500  0.0    84.5000  0.0    87.7500  0.0      2.0227
4    61.7500  0.0   120.2500  0.0    81.2500  0.0   100.7500  0.0      1.8150
4    61.7500  0.0   120.2500  0.0    84.5000  0.0    97.5000  0.0      1.7340
4    61.7500  0.0   120.2500  0.0    87.7500  0.0    94.2500  0.0      1.8696
4    71.5000  0.0   120.2500  0.0    87.7500  0.0   104.0000  0.0      1.4761
4    71.5000  0.0   120.2500  0.0    91.0000  0.0   100.7500  0.0      1.3934
4    71.5000  0.0   120.2500  0.0    94.2500  0.0    97.5000  0.0      1.5078
4    81.2500  0.0   120.2500  0.0    94.2500  0.0   107.2500  0.0      1.3671
4    81.2500  0.0   120.2500  0.0    97.5000  0.0   104.0000  0.0      1.3357
4    91.0000  0.0   120.2500  0.0   100.7500  0.0   110.5000  0.0      4.6020
4    91.0000  0.0   120.2500  0.0   104.0000  0.0   107.2500  0.0      1.5239
4   100.7500  0.0   120.2500  0.0   107.2500  0.0   113.7500  0.0     50.9132
4   110.5000  0.0   120.2500  0.0   113.7500  0.0   117.0000  0.0   1798.2324
4     6.5000  0.0   123.5000  0.0    45.5000  0.0    84.5000  0.0      3.4899
4     6.5000  0.0   123.5000  0.0    52.0000  0.0    78.0000  0.0      3.3965
4     6.5000  0.0   123.5000  0.0    58.5000  0.0    71.5000  0.0      3.8255
4    16.2500  0.0   123.5000  0.0    52.0000  0.0    87.7500  0.0      2.9524
4    16.2500  0.0   123.5000  0.0    58.5000  0.0    81.2500  0.0      3.1167
4    16.2500  0.0   123.5000  0.0    65.0000  0.0    74.7500  0.0      3.0056
4    26.0000  0.0   123.5000  0.0    58.5000  0.0    91.0000  0.0      4.5103
4    26.0000  0.0   123.5000  0.0    65.0000  0.0    84.5000  0.0      2.7077
4    26.0000  0.0   123.5000  0.0    71.5000  0.0    78.0000  0.0      2.6635
4    35.7500  0.0   123.5000  0.0    65.0000  0.0    94.2500  0.0      2.7463
4    35.7500  0.0   123.5000  0.0    71.5000  0.0    87.7500  0.0      2.4947
4    35.7500  0.0   123.5000  0.0    78.0000  0.0    81.2500  0.0      2.3676
4    45.5000  0.0   123.5000  0.0    71.5000  0.0    97.5000  0.0      2.4138
4    45.5000  0.0   123.5000  0.0    74.7500  0.0    94.2500  0.0      2.9701
4    45.5000  0.0   123.5000  0.0    78.0000  0.0    91.0000  0.0      5.9467
4    45.5000  0.0   123.5000  0.0    81.2500  0.0    87.7500  0.0      2.8636
4    55.2500  0.0   123.5000  0.0    78.0000  0.0   100.7500  0.0      1.5325
4    55.2500  0.0   123.5000  0.0    81.2500  0.0    97.5000  0.0      1.5941
4    55.2500  0.0   123.5000  0.0    84.5000  0.0    94.2500  0.0      2.4559
4    55.2500  0.0   123.5000  0.0    87.7500  0.0    91.0000  0.0     11.1896
4    65.0000  0.0   123.5000  0.0    84.5000  0.0   104.0000  0.0      1.8152
4    65.0000  0.0   123.5000  0.0    87.7500  0.0   100.7500  0.0      0.3893
4    74.7500  0.0   123.5000  0.0    91.0000  0.0   107.2500  0.0      0.4596
4    74.7500  0.0   123.5000  0.0    94.2500  0.0   104.0000  0.0      1.3730
4    84.5000  0.0   123.5000  0.0    97.5000  0.0   110.5000  0.0      1.5302
4    84.5000  0.0   123.5000  0.0   100.7500  0.0   107.2500  0.0      2.4017
4    94.2500  0.0   123.5000  0.0   104.0000  0.0   113.7500  0.0      2.6017
4    94.2500  0.0   123.5000  0.0   107.2500  0.0   110.5000  0.0      1.6102
4   104.0000  0.0   123.5000  0.0   110.5000  0.0   117.0000  0.0    237.8440
4   113.7500  0.0   123.5000  0.0   117.0000  0.0   120.2500  0.0   1272.3369
4     0.0000  0.0   126.7500  0.0    42.2500  0.0    84.5000  0.0      5.0164
4     0.0000  0.0   126.7500  0.0    48.7500  0.0    78.0000  0.0      4.6098
4     0.0000  0.0   126.7500  0.0    55.2500  0.0    71.5000  0.0      3.9443
4     0.0000  0.0   126.7500  0.0    61.7500  0.0    65.0000  0.0      6.4519
4     9.7500  0.0   126.7500  0.0    48.7500  0.0    87.7500  0.0      3.5293
4     9.7500  0.0   126.7500  0.0    55.2500  0.0    81.2500  0.0      3.3762
4     9.7500  0.0   126.7500  0.0    61.7500  0.0    74.7500  0.0      3.8860
4    19.5000  0.0   126.7500  0.0    55.2500  0.0    91.0000  0.0      4.5477
4    19.5000  0.0   126.7500  0.0    61.7500  0.0    84.5000  0.0      3.0230
4    19.5000  0.0   126.7500  0.0    68.2500  0.0    78.0000  0.0      2.9871
4    29.2500  0.0   126.7500  0.0    61.7500  0.0    94.2500  0.0      3.0436
4    29.2500  0.0   126.7500  0.0    68.2500  0.0    87.7500  0.0      2.7089
4    29.2500  0.0   126.7500  0.0    74.7500  0.0    81.2500  0.0      2.7613
4    39.0000  0.0   126.7500  0.0    68.2500  0.0    97.5000  0.0      2.1728
4    39.0000  0.0   126.7500  0.0    74.7500  0.0    91.0000  0.0      5.0669
4    39.0000  0.0   126.7500  0.0    81.2500  0.0    84.5000  0.0      3.2648
4    48.7500  0.0   126.7500  0.0    74.7500  0.0   100.7500  0.0      1.7512
4    48.7500  0.0   126.7500  0.0    78.0000  0.0    97.5000  0.0      2.1415
4    48.7500  0.0   126.7500  0.0    81.2500  0.0    94.2500  0.0      3.1738
4    48.7500  0.0   126.7500  0.0    84.5000  0.0    91.0000  0.0      7.6116
4    58.5000  0.0   126.7500  0.0    81.2500  0.0   104.0000  0.0      2.8997
4    58.5000  0.0   126.7500  0.0    84.5000  0.0   100.7500  0.0      0.6295
4    58.5000  0.0   126.7500  0.0    87.7500  0.0    97.5000  0.0      1.6270
4    68.2500  0.0   126.7500  0.0    87.7500  0.0   107.2500  0.0      1.6080
4    68.2500  0.0   126.7500  0.0    91.0000  0.0   104.0000  0.0      0.4956
4    78.0000  0.0   126.7500  0.0    94.2500  0.0   110.5000  0.0      1.2667
4    78.0000  0.0   126.7500  0.0    97.5000  0.0   107.2500  0.0      1.5864
4    78.0000  0.0   126.7500  0.0   100.7500  0.0   104.0000  0.0      5.7453
4    87.7500  0.0   126.7500  0.0   100.7500  0.0   113.7500  0.0      1.7852
4    87.7500  0.0   126.7500  0.0   104.0000  0.0   110.5000  0.0      1.0747
4    97.5000  0.0   126.7500  0.0   107.2500  0.0   117.0000  0.0      4.0156
4    97.5000  0.0   126.7500  0.0   110.5000  0.0   113.7500  0.0      1.3405
4   107.2500  0.0   126.7500  0.0   113.7500  0.0   120.2500  0.0     97.0739
4   117.0000  0.0   126.7500  0.0   120.2500  0.0   123.5000  0.0   1942.1509
4     3.2500  0.0   130.0000  0.0    45.5000  0.0    87.7500  0.0      5.2799
4     3.2500  0.0   130.0000  0.0    52.0000  0.0    81.2500  0.0      4.1072
4     3.2500  0.0   130.0000  0.0    58.5000  0.0    74.7500  0.0      4.3480
4     3.2500  0.0   130.0000  0.0    65.0000  0.0    68.2500  0.0      3.2863
4    13.0000  0.0   130.0000  0.0    52.0000  0.0    91.0000  0.0      4.8932
4    13.0000  0.0   130.0000  0.0    58.5000  0.0    84.5000  0.0      3.2734
4    13.0000  0.0   130.0000  0.0    65.0000  0.0    78.0000  0.0      3.2395
4    22.7500  0.0   130.0000  0.0    58.5000  0.0    94.2500  0.0      3.1975
4    22.7500  0.0   130.0000  0.0    65.0000  0.0    87.7500  0.0      2.8054
4    22.7500  0.0   130.0000  0.0    71.5000  0.0    81.2500  0.0      2.9009
4    32.5000  0.0   130.0000  0.0    65.0000  0.0    97.5000  0.0      2.8868
4    32.5000  0.0   130.0000  0.0    71.5000  0.0    91.0000  0.0      5.4725
4    32.5000  0.0   130.0000  0.0    78.0000  0.0    84.5000  0.0      3.4488
4    42.2500  0.0   130.0000  0.0    71.5000  0.0   100.7500  0.0      3.1583
4    42.2500  0.0   130.0000  0.0    78.0000  0.0    94.2500  0.0      3.1012
4    42.2500  0.0   130.0000  0.0    84.5000  0.0    87.7500  0.0      2.4300
4    52.0000  0.0   130.0000  0.0    78.0000  0.0   104.0000  0.0      3.1788
4    52.0000  0.0   130.0000  0.0    81.2500  0.0   100.7500  0.0      3.1932
4    52.0000  0.0   130.0000  0.0    84.5000  0.0    97.5000  0.0      2.5410
4    52.0000  0.0   130.0000  0.0    87.7500  0.0    94.2500  0.0      3.2428
4    61.7500  0.0   130.0000  0.0    84.5000  0.0   107.2500  0.0      2.1839
4    61.7500  0.0   130.0000  0.0    87.7500  0.0   104.0000  0.0      2.1479
4    61.7500  0.0   130.0000  0.0    91.0000  0.0   100.7500  0.0      0.9375
4    61.7500  0.0   130.0000  0.0    94.2500  0.0    97.5000  0.0      1.3013
4    71.5000  0.0   130.0000  0.0    91.0000  0.0   110.5000  0.0      0.7120
4    71.5000  0.0   130.0000  0.0    94.2500  0.0   107.2500  0.0      1.3413
4    71.5000  0.0   130.0000  0.0    97.5000  0.0   104.0000  0.0      1.7248
4    81.2500  0.0   130.0000  0.0    97.5000  0.0   113.7500  0.0      1.2332
4    81.2500  0.0   130.0000  0.0   100.7500  0.0   110.5000  0.0      0.5764
4    81.2500  0.0   130.0000  0.0   104.0000  0.0   107.2500  0.0      0.7495
4    91.0000  0.0   130.0000  0.0   104.0000  0.0   117.0000  0.0      1.2979
4    91.0000  0.0   130.0000  0.0   107.2500  0.0   113.7500  0.0      1.1803
4   100.7500  0.0   130.0000  0.0   110.5000  0.0   120.2500  0.0      6.2583
4   100.7500  0.0   130.0000  0.0   113.7500  0.0   117.0000  0.0      1.9739
4   110.5000  0.0   130.0000  0.0   117.0000  0.0   123.5000  0.0    109.1937
4   120.2500  0.0   130.0000  0.0   123.5000  0.0   126.7500  0.0   1926.0455
4     6.5000  0.0   133.2500  0.0    48.7500  0.0    91.0000  0.0      7.7264
4     6.5000  0.0   133.2500  0.0    55.2500  0.0    84.5000  0.0      3.6916
4     6.5000  0.0   133.2500  0.0    61.7500  0.0    78.0000  0.0      4.1284
4     6.5000  0.0   133.2500  0.0    68.2500  0.0    71.5000  0.0      4.3297
4    16.2500  0.0   133.2500  0.0    55.2500  0.0    94.2500  0.0      3.5989
4    16.2500  0.0   133.2500  0.0    61.7500  0.0    87.7500  0.0      3.2931
4    16.2500  0.0   133.2500  0.0    68.2500  0.0    81.2500  0.0      3.1947
4    26.0000  0.0   133.2500  0.0    61.7500  0.0    97.5000  0.0      3.1129
4    26.0000  0.0   133.2500  0.0    68.2500  0.0    91.0000  0.0      6.4155
4    26.0000  0.0   133.2500  0.0    74.7500  0.0    84.5000  0.0      3.0722
4    35.7500  0.0   133.2500  0.0    68.2500  0.0   100.7500  0.0      3.8154
4    35.7500  0.0   133.2500  0.0    74.7500  0.0    94.2500  0.0      3.5111
4    35.7500  0.0   133.2500  0.0    81.2500  0.0    87.7500  0.0      3.0420
4    45.5000  0.0   133.2500  0.0    74.7500  0.0   104.0000  0.0      2.7830
4    45.5000  0.0   133.2500  0.0    81.2500  0.0    97.5000  0.0      3.3141
4    45.5000  0.0   133.2500  0.0    87.7500  0.0    91.0000  0.0     20.9117
4    55.2500  0.0   133.2500  0.0    81.2500  0.0   107.2500  0.0      2.8299
4    55.2500  0.0   133.2500  0.0    84.5000  0.0   104.0000  0.0      2.4710
4    55.2500  0.0   133.2500  0.0    87.7500  0.0   100.7500  0.0      4.2578
4    65.0000  0.0   133.2500  0.0    87.7500  0.0   110.5000  0.0      2.7892
4    65.0000  0.0   133.2500  0.0    94.2500  0.0   104.0000  0.0      1.7005
4    65.0000  0.0   133.2500  0.0    97.5000  0.0   100.7500  0.0      7.0146
4    74.7500  0.0   133.2500  0.0    94.2500  0.0   113.7500  0.0      1.2911
4    74.7500  0.0   133.2500  0.0    97.5000  0.0   110.5000  0.0      1.3697
4    84.5000  0.0   133.2500  0.0   100.7500  0.0   117.0000  0.0      0.7309
4    84.5000  0.0   133.2500  0.0   104.0000  0.0   113.7500  0.0      1.4634
4    84.5000  0.0   133.2500  0.0   107.2500  0.0   110.5000  0.0      1.5174
4    94.2500  0.0   133.2500  0.0   107.2500  0.0   120.2500  0.0      1.3610
4    94.2500  0.0   133.2500  0.0   110.5000  0.0   117.0000  0.0      1.1489
4   104.0000  0.0   133.2500  0.0   113.7500  0.0   123.5000  0.0     14.3820
4   104.0000  0.0   133.2500  0.0   117.0000  0.0   120.2500  0.0      2.7521
4   113.7500  0.0   133.2500  0.0   120.2500  0.0   126.7500  0.0    119.3161
4   123.5000  0.0   133.2500  0.0   126.7500  0.0   130.0000  0.0   2140.2161
4     0.0000  0.0   136.5000  0.0    45.5000  0.0    91.0000  0.0      9.7422
4     0.0000  0.0   136.5000  0.0    52.0000  0.0    84.5000  0.0      3.9281
4     0.0000  0.0   136.5000  0.0    58.5000  0.0    78.0000  0.0      5.1462
4     0.0000  0.0   136.5000  0.0    65.0000  0.0    71.5000  0.0      4.4427
4     9.7500  0.0   136.5000  0.0    52.0000  0.0    94.2500  0.0      5.3393
4     9.7500  0.0   136.5000  0.0    58.5000  0.0    87.7500  0.0      3.7785
4     9.7500  0.0   136.5000  0.0    65.0000  0.0    81.2500  0.0      3.6238
4     9.7500  0.0   136.5000  0.0    71.5000  0.0    74.7500  0.0      2.8140
4    19.5000  0.0   136.5000  0.0    58.5000  0.0    97.5000  0.0      3.6028
4    19.5000  0.0   136.5000  0.0    65.0000  0.0    91.0000  0.0      7.5961
4    19.5000  0.0   136.5000  0.0    71.5000  0.0    84.5000  0.0      3.0792
4    29.2500  0.0   136.5000  0.0    65.0000  0.0   100.7500  0.0      5.0266
4    29.2500  0.0   136.5000  0.0    71.5000  0.0    94.2500  0.0      3.8814
4    29.2500  0.0   136.5000  0.0    78.0000  0.0    87.7500  0.0      2.8442
4    39.0000  0.0   136.5000  0.0    71.5000  0.0   104.0000  0.0      2.8968
4    39.0000  0.0   136.5000  0.0    78.0000  0.0    97.5000  0.0      3.4552
4    39.0000  0.0   136.5000  0.0    84.5000  0.0    91.0000  0.0     16.0176
4    48.7500  0.0   136.5000  0.0    78.0000  0.0   107.2500  0.0      2.5526
4    48.7500  0.0   136.5000  0.0    84.5000  0.0   100.7500  0.0      6.0451
4    58.5000  0.0   136.5000  0.0    84.5000  0.0   110.5000  0.0      3.5491
4    58.5000  0.0   136.5000  0.0    87.7500  0.0   107.2500  0.0      2.0750
4    58.5000  0.0   136.5000  0.0    94.2500  0.0   100.7500  0.0      7.1169
4    68.2500  0.0   136.5000  0.0    91.0000  0.0   113.7500  0.0      1.3081
4    68.2500  0.0   136.5000  0.0    94.2500  0.0   110.5000  0.0      1.4517
4    68.2500  0.0   136.5000  0.0    97.5000  0.0   107.2500  0.0      1.1756
4    78.0000  0.0   136.5000  0.0    97.5000  0.0   117.0000  0.0      1.2923
4    78.0000  0.0   136.5000  0.0   104.0000  0.0   110.5000  0.0      1.0597
4    87.7500  0.0   136.5000  0.0   104.0000  0.0   120.2500  0.0      1.2974
4    87.7500  0.0   136.5000  0.0   107.2500  0.0   117.0000  0.0      1.5468
4    87.7500  0.0   136.5000  0.0   110.5000  0.0   113.7500  0.0      1.3090
4    97.5000  0.0   136.5000  0.0   110.5000  0.0   123.5000  0.0      3.3754
4    97.5000  0.0   136.5000  0.0   113.7500  0.0   120.2500  0.0      1.3836
4   107.2500  0.0   136.5000  0.0   117.0000  0.0   126.7500  0.0     14.0139
4   107.2500  0.0   136.5000  0.0   120.2500  0.0   123.5000  0.0      6.6174
4   117.0000  0.0   136.5000  0.0   123.5000  0.0   130.0000  0.0    190.5917
4   126.7500  0.0   136.5000  0.0   130.0000  0.0   133.2500  0.0   2847.1892
4     3.2500  0.0   139.7500  0.0    48.7500  0.0    94.2500  0.0    614.2752
4     3.2500  0.0   139.7500  0.0    55.2500  0.0    87.7500  0.0      3.6779
4     3.2500  0.0   139.7500  0.0    61.7500  0.0    81.2500  0.0      5.4639
4     3.2500  0.0   139.7500  0.0    68.2500  0.0    74.7500  0.0      5.0426
4    13.0000  0.0   139.7500  0.0    55.2500  0.0    97.5000  0.0     77.2927
4    13.0000  0.0   139.7500  0.0    61.7500  0.0    91.0000  0.0      5.9139
4    13.0000  0.0   139.7500  0.0    68.2500  0.0    84.5000  0.0      3.4443
4    13.0000  0.0   139.7500  0.0    74.7500  0.0    78.0000  0.0      3.4829
4    22.7500  0.0   139.7500  0.0    61.7500  0.0   100.7500  0.0      4.2619
4    22.7500  0.0   139.7500  0.0    68.2500  0.0    94.2500  0.0      3.5930
4    22.7500  0.0   139.7500  0.0    74.7500  0.0    87.7500  0.0      3.0620
4    32.5000  0.0   139.7500  0.0    68.2500  0.0   104.0000  0.0      3.8280
4    32.5000  0.0   139.7500  0.0    74.7500  0.0    97.5000  0.0      3.7771
4    32.5000  0.0   139.7500  0.0    81.2500  0.0    91.0000  0.0      9.3616
4    42.2500  0.0   139.7500  0.0    74.7500  0.0   107.2500  0.0     12.4002
4    42.2500  0.0   139.7500  0.0    81.2500  0.0   100.7500  0.0      9.4575
4    42.2500  0.0   139.7500  0.0    87.7500  0.0    94.2500  0.0      4.8401
4    52.0000  0.0   139.7500  0.0    81.2500  0.0   110.5000  0.0     15.8196
4    52.0000  0.0   139.7500  0.0    87.7500  0.0   104.0000  0.0     29.5971
4    52.0000  0.0   139.7500  0.0    94.2500  0.0    97.5000  0.0      3.2947
4    61.7500  0.0   139.7500  0.0    87.7500  0.0   113.7500  0.0    384.2865
4    61.7500  0.0   139.7500  0.0    91.0000  0.0   110.5000  0.0      6.5173
4    61.7500  0.0   139.7500  0.0    94.2500  0.0   107.2500  0.0      1.9767
4    61.7500  0.0   139.7500  0.0    97.5000  0.0   104.0000  0.0      2.3177
4    71.5000  0.0   139.7500  0.0    94.2500  0.0   117.0000  0.0   1277.8784
4    71.5000  0.0   139.7500  0.0    97.5000  0.0   113.7500  0.0      8.3928
4    71.5000  0.0   139.7500  0.0   100.7500  0.0   110.5000  0.0      0.8036
4    71.5000  0.0   139.7500  0.0   104.0000  0.0   107.2500  0.0      1.2600
4    81.2500  0.0   139.7500  0.0   100.7500  0.0   120.2500  0.0      0.8981
4    81.2500  0.0   139.7500  0.0   104.0000  0.0   117.0000  0.0      0.5986
4    81.2500  0.0   139.7500  0.0   107.2500  0.0   113.7500  0.0      5.0176
4    91.0000  0.0   139.7500  0.0   107.2500  0.0   123.5000  0.0      1.6817
4    91.0000  0.0   139.7500  0.0   110.5000  0.0   120.2500  0.0      1.3888
4    91.0000  0.0   139.7500  0.0   113.7500  0.0   117.0000  0.0      1.4359
4   100.7500  0.0   139.7500  0.0   113.7500  0.0   126.7500  0.0      3.6599
4   100.7500  0.0   139.7500  0.0   117.0000  0.0   123.5000  0.0      4.5297
4   110.5000  0.0   139.7500  0.0   120.2500  0.0   130.0000  0.0     19.3986
4   110.5000  0.0   139.7500  0.0   123.5000  0.0   126.7500  0.0      3.6085
4   120.2500  0.0   139.7500  0.0   126.7500  0.0   133.2500  0.0    279.6755
4   130.0000  0.0   139.7500  0.0   133.2500  0.0   136.5000  0.0   3667.8218
4     6.5000  0.0   143.0000  0.0    52.0000  0.0    97.5000  0.0    302.5977
4     6.5000  0.0   143.0000  0.0    58.5000  0.0    91.0000  0.0      6.1742
4     6.5000  0.0   143.0000  0.0    65.0000  0.0    84.5000  0.0      3.7820
4     6.5000  0.0   143.0000  0.0    71.5000  0.0    78.0000  0.0      4.2884
4    16.2500  0.0   143.0000  0.0    58.5000  0.0   100.7500  0.0    449.0466
4    16.2500  0.0   143.0000  0.0    65.0000  0.0    94.2500  0.0      3.7215
4    16.2500  0.0   143.0000  0.0    71.5000  0.0    87.7500  0.0      3.4556
4    16.2500  0.0   143.0000  0.0    78.0000  0.0    81.2500  0.0      3.9241
4    26.0000  0.0   143.0000  0.0    65.0000  0.0   104.0000  0.0      5.5470
4    26.0000  0.0   143.0000  0.0    71.5000  0.0    97.5000  0.0      3.8778
4    26.0000  0.0   143.0000  0.0    78.0000  0.0    91.0000  0.0      7.6613
4    35.7500  0.0   143.0000  0.0    71.5000  0.0   107.2500  0.0      4.9504
4    35.7500  0.0   143.0000  0.0    78.0000  0.0   100.7500  0.0      5.4419
4    35.7500  0.0   143.0000  0.0    84.5000  0.0    94.2500  0.0      3.9948
4    45.5000  0.0   143.0000  0.0    78.0000  0.0   110.5000  0.0      2.7144
4    45.5000  0.0   143.0000  0.0    84.5000  0.0   104.0000  0.0      2.9483
4    55.2500  0.0   143.0000  0.0    84.5000  0.0   113.7500  0.0      8.4972
4    55.2500  0.0   143.0000  0.0    91.0000  0.0   107.2500  0.0     11.0772
4    55.2500  0.0   143.0000  0.0    97.5000  0.0   100.7500  0.0      9.3654
4    65.0000  0.0   143.0000  0.0    91.0000  0.0   117.0000  0.0    320.8364
4    65.0000  0.0   143.0000  0.0    94.2500  0.0   113.7500  0.0      3.4921
4    65.0000  0.0   143.0000  0.0    97.5000  0.0   110.5000  0.0      1.9111
4    74.7500  0.0   143.0000  0.0    97.5000  0.0   120.2500  0.0    224.2753
4    74.7500  0.0   143.0000  0.0   100.7500  0.0   117.0000  0.0      3.9751
4    74.7500  0.0   143.0000  0.0   104.0000  0.0   113.7500  0.0      1.5483
4    74.7500  0.0   143.0000  0.0   107.2500  0.0   110.5000  0.0      2.3233
4    84.5000  0.0   143.0000  0.0   104.0000  0.0   123.5000  0.0      2.7034
4    84.5000  0.0   143.0000  0.0   107.2500  0.0   120.2500  0.0      1.7072
4    84.5000  0.0   143.0000  0.0   110.5000  0.0   117.0000  0.0      1.8363
4    94.2500  0.0   143.0000  0.0   110.5000  0.0   126.7500  0.0      5.6822
4    94.2500  0.0   143.0000  0.0   113.7500  0.0   123.5000  0.0      3.2755
4    94.2500  0.0   143.0000  0.0   117.0000  0.0   120.2500  0.0      1.6103
4   104.0000  0.0   143.0000  0.0   117.0000  0.0   130.0000  0.0      3.8597
4   104.0000  0.0   143.0000  0.0   120.2500  0.0   126.7500  0.0      2.8515
4   113.7500  0.0   143.0000  0.0   123.5000  0.0   133.2500  0.0     32.8624
4   113.7500  0.0   143.0000  0.0   126.7500  0.0   130.0000  0.0      5.0395
4   123.5000  0.0   143.0000  0.0   130.0000  0.0   136.5000  0.0    473.2008
4   133.2500  0.0   143.0000  0.0   136.5000  0.0   139.7500  0.0   3668.9653
4     0.0000  0.0   146.2500  0.0    48.7500  0.0    97.5000  0.0    412.3574
4     0.0000  0.0   146.2500  0.0    55.2500  0.0    91.0000  0.0      5.3816
4     0.0000  0.0   146.2500  0.0    61.7500  0.0    84.5000  0.0      4.9200
4     0.0000  0.0   146.2500  0.0    68.2500  0.0    78.0000  0.0      6.5497
4     9.7500  0.0   146.2500  0.0    55.2500  0.0   100.7500  0.0    719.9125
4     9.7500  0.0   146.2500  0.0    61.7500  0.0    94.2500  0.0      4.3734
4     9.7500  0.0   146.2500  0.0    68.2500  0.0    87.7500  0.0      4.0916
4     9.7500  0.0   146.2500  0.0    74.7500  0.0    81.2500  0.0      4.5911
4    19.5000  0.0   146.2500  0.0    61.7500  0.0   104.0000  0.0      8.6292
4    19.5000  0.0   146.2500  0.0    68.2500  0.0    97.5000  0.0      3.5100
4    19.5000  0.0   146.2500  0.0    74.7500  0.0    91.0000  0.0      5.6386
4    19.5000  0.0   146.2500  0.0    81.2500  0.0    84.5000  0.0      3.3845
4    29.2500  0.0   146.2500  0.0    68.2500  0.0   107.2500  0.0      2.9394
4    29.2500  0.0   146.2500  0.0    74.7500  0.0   100.7500  0.0      4.0170
4    29.2500  0.0   146.2500  0.0    81.2500  0.0    94.2500  0.0      3.7044
4    39.0000  0.0   146.2500  0.0    74.7500  0.0   110.5000  0.0      9.6969
4    39.0000  0.0   146.2500  0.0    81.2500  0.0   104.0000  0.0     15.2876
4    39.0000  0.0   146.2500  0.0    87.7500  0.0    97.5000  0.0      3.7303
4    48.7500  0.0   146.2500  0.0    81.2500  0.0   113.7500  0.0      2.6464
4    48.7500  0.0   146.2500  0.0    87.7500  0.0   107.2500  0.0      2.8075
4    48.7500  0.0   146.2500  0.0    94.2500  0.0   100.7500  0.0      4.7471
4    58.5000  0.0   146.2500  0.0    87.7500  0.0   117.0000  0.0      3.5667
4    58.5000  0.0   146.2500  0.0    94.2500  0.0   110.5000  0.0      7.1961
4    68.2500  0.0   146.2500  0.0    94.2500  0.0   120.2500  0.0    922.3285
4    68.2500  0.0   146.2500  0.0    97.5000  0.0   117.0000  0.0     13.4956
4    68.2500  0.0   146.2500  0.0   100.7500  0.0   113.7500  0.0      1.5065
4    68.2500  0.0   146.2500  0.0   104.0000  0.0   110.5000  0.0      2.1125
4    78.0000  0.0   146.2500  0.0   100.7500  0.0   123.5000  0.0    863.7627
4    78.0000  0.0   146.2500  0.0   104.0000  0.0   120.2500  0.0     10.4354
4    78.0000  0.0   146.2500  0.0   107.2500  0.0   117.0000  0.0      2.5471
4    78.0000  0.0   146.2500  0.0   110.5000  0.0   113.7500  0.0      2.1639
4    87.7500  0.0   146.2500  0.0   107.2500  0.0   126.7500  0.0      2.2022
4    87.7500  0.0   146.2500  0.0   110.5000  0.0   123.5000  0.0      2.8259
4    87.7500  0.0   146.2500  0.0   113.7500  0.0   120.2500  0.0      1.8331
4    97.5000  0.0   146.2500  0.0   113.7500  0.0   130.0000  0.0     11.1356
4    97.5000  0.0   146.2500  0.0   117.0000  0.0   126.7500  0.0      3.4766
4    97.5000  0.0   146.2500  0.0   120.2500  0.0   123.5000  0.0      6.2406
4   107.2500  0.0   146.2500  0.0   120.2500  0.0   133.2500  0.0      6.6525
4   107.2500  0.0   146.2500  0.0   123.5000  0.0   130.0000  0.0      1.2692
4   117.0000  0.0   146.2500  0.0   126.7500  0.0   136.5000  0.0     71.7269
4   117.0000  0.0   146.2500  0.0   130.0000  0.0   133.2500  0.0     13.2279
4   126.7500  0.0   146.2500  0.0   133.2500  0.0   139.7500  0.0    499.6043
4   136.5000  0.0   146.2500  0.0   139.7500  0.0   143.0000  0.0   3947.1926
4     3.2500  0.0   149.5000  0.0    52.0000  0.0   100.7500  0.0      5.9420
4     3.2500  0.0   149.5000  0.0    58.5000  0.0    94.2500  0.0      4.7332
4     3.2500  0.0   149.5000  0.0    65.0000  0.0    87.7500  0.0      4.0733
4     3.2500  0.0   149.5000  0.0    71.5000  0.0    81.2500  0.0      5.6290
4    13.0000  0.0   149.5000  0.0    58.5000  0.0   104.0000  0.0      4.2360
4    13.0000  0.0   149.5000  0.0    65.0000  0.0    97.5000  0.0      3.7545
4    13.0000  0.0   149.5000  0.0    71.5000  0.0    91.0000  0.0      5.9652
4    13.0000  0.0   149.5000  0.0    78.0000  0.0    84.5000  0.0      3.1256
4    22.7500  0.0   149.5000  0.0    65.0000  0.0   107.2500  0.0      3.2755
4    22.7500  0.0   149.5000  0.0    71.5000  0.0   100.7500  0.0      4.2797
4    22.7500  0.0   149.5000  0.0    78.0000  0.0    94.2500  0.0      3.9637
4    22.7500  0.0   149.5000  0.0    84.5000  0.0    87.7500  0.0      2.9838
4    32.5000  0.0   149.5000  0.0    71.5000  0.0   110.5000  0.0      3.1059
4    32.5000  0.0   149.5000  0.0    78.0000  0.0   104.0000  0.0      3.5932
4    32.5000  0.0   149.5000  0.0    84.5000  0.0    97.5000  0.0      3.7402
4    42.2500  0.0   149.5000  0.0    78.0000  0.0   113.7500  0.0      3.0826
4    42.2500  0.0   149.5000  0.0    84.5000  0.0   107.2500  0.0      3.3007
4    42.2500  0.0   149.5000  0.0    91.0000  0.0   100.7500  0.0      2.1739
4    52.0000  0.0   149.5000  0.0    84.5000  0.0   117.0000  0.0      5.2896
4    52.0000  0.0   149.5000  0.0    91.0000  0.0   110.5000  0.0     11.4729
4    52.0000  0.0   149.5000  0.0    97.5000  0.0   104.0000  0.0      3.0258
4    61.7500  0.0   149.5000  0.0    91.0000  0.0   120.2500  0.0      1.6999
4    61.7500  0.0   149.5000  0.0    97.5000  0.0   113.7500  0.0      2.0742
4    61.7500  0.0   149.5000  0.0   104.0000  0.0   107.2500  0.0      1.2754
4    71.5000  0.0   149.5000  0.0    97.5000  0.0   123.5000  0.0    384.1623
4    71.5000  0.0   149.5000  0.0   100.7500  0.0   120.2500  0.0      5.1910
4    71.5000  0.0   149.5000  0.0   104.0000  0.0   117.0000  0.0      2.2184
4    71.5000  0.0   149.5000  0.0   107.2500  0.0   113.7500  0.0      2.2146
4    81.2500  0.0   149.5000  0.0   104.0000  0.0   126.7500  0.0    123.1707
4    81.2500  0.0   149.5000  0.0   107.2500  0.0   123.5000  0.0      4.6595
4    81.2500  0.0   149.5000  0.0   110.5000  0.0   120.2500  0.0      2.0793
4    81.2500  0.0   149.5000  0.0   113.7500  0.0   117.0000  0.0      2.6673
4    91.0000  0.0   149.5000  0.0   110.5000  0.0   130.0000  0.0      1.4306
4    91.0000  0.0   149.5000  0.0   113.7500  0.0   126.7500  0.0      1.4698
4    91.0000  0.0   149.5000  0.0   117.0000  0.0   123.5000  0.0      1.0720
4   100.7500  0.0   149.5000  0.0   117.0000  0.0   133.2500  0.0      2.3642
4   100.7500  0.0   149.5000  0.0   120.2500  0.0   130.0000  0.0      1.6435
4   100.7500  0.0   149.5000  0.0   123.5000  0.0   126.7500  0.0      0.8676
4   110.5000  0.0   149.5000  0.0   123.5000  0.0   136.5000  0.0     14.8646
4   110.5000  0.0   149.5000  0.0   126.7500  0.0   133.2500  0.0      2.9991
4   120.2500  0.0   149.5000  0.0   130.0000  0.0   139.7500  0.0     92.8270
4   120.2500  0.0   149.5000  0.0   133.2500  0.0   136.5000  0.0     33.7271
4   130.0000  0.0   149.5000  0.0   136.5000  0.0   143.0000  0.0    577.9082
4   139.7500  0.0   149.5000  0.0   143.0000  0.0   146.2500  0.0   3218.7783
4     6.5000  0.0   152.7500  0.0    55.2500  0.0   104.0000  0.0      5.3734
4     6.5000  0.0   152.7500  0.0    61.7500  0.0    97.5000  0.0      4.6165
4     6.5000  0.0   152.7500  0.0    68.2500  0.0    91.0000  0.0      8.2822
4     6.5000  0.0   152.7500  0.0    74.7500  0.0    84.5000  0.0      4.4582
4    16.2500  0.0   152.7500  0.0    61.7500  0.0   107.2500  0.0      4.2275
4    16.2500  0.0   152.7500  0.0    68.2500  0.0   100.7500  0.0      5.5090
4    16.2500  0.0   152.7500  0.0    74.7500  0.0    94.2500  0.0      4.4169
4    16.2500  0.0   152.7500  0.0    81.2500  0.0    87.7500  0.0      3.7638
4    26.0000  0.0   152.7500  0.0    68.2500  0.0   110.5000  0.0      4.5793
4    26.0000  0.0   152.7500  0.0    74.7500  0.0   104.0000  0.0      3.6664
4    26.0000  0.0   152.7500  0.0    81.2500  0.0    97.5000  0.0      4.0213
4    26.0000  0.0   152.7500  0.0    87.7500  0.0    91.0000  0.0     25.0541
4    35.7500  0.0   152.7500  0.0    74.7500  0.0   113.7500  0.0      3.0099
4    35.7500  0.0   152.7500  0.0    81.2500  0.0   107.2500  0.0      3.1995
4    35.7500  0.0   152.7500  0.0    87.7500  0.0   100.7500  0.0      7.0286
4    45.5000  0.0   152.7500  0.0    81.2500  0.0   117.0000  0.0      3.1280
4    45.5000  0.0   152.7500  0.0    87.7500  0.0   110.5000  0.0      3.1107
4    45.5000  0.0   152.7500  0.0    94.2500  0.0   104.0000  0.0      2.6642
4    55.2500  0.0   152.7500  0.0    87.7500  0.0   120.2500  0.0      2.6305
4    55.2500  0.0   152.7500  0.0    94.2500  0.0   113.7500  0.0      2.1443
4    65.0000  0.0   152.7500  0.0    94.2500  0.0   123.5000  0.0      4.0075
4    65.0000  0.0   152.7500  0.0   107.2500  0.0   110.5000  0.0      2.8720
4    65.0000  0.0   152.7500  0.0   100.7500  0.0   117.0000  0.0      0.9407
4    74.7500  0.0   152.7500  0.0   100.7500  0.0   126.7500  0.0      3.5383
4    74.7500  0.0   152.7500  0.0   104.0000  0.0   123.5000  0.0      4.3055
4    74.7500  0.0   152.7500  0.0   107.2500  0.0   120.2500  0.0      2.3589
4    74.7500  0.0   152.7500  0.0   110.5000  0.0   117.0000  0.0      2.5416
4    84.5000  0.0   152.7500  0.0   107.2500  0.0   130.0000  0.0      2.8047
4    84.5000  0.0   152.7500  0.0   110.5000  0.0   126.7500  0.0      3.7020
4    84.5000  0.0   152.7500  0.0   113.7500  0.0   123.5000  0.0      5.7994
4    84.5000  0.0   152.7500  0.0   117.0000  0.0   120.2500  0.0      1.8595
4    94.2500  0.0   152.7500  0.0   113.7500  0.0   133.2500  0.0      2.6203
4    94.2500  0.0   152.7500  0.0   117.0000  0.0   130.0000  0.0      2.6011
4    94.2500  0.0   152.7500  0.0   120.2500  0.0   126.7500  0.0      4.6587
4   104.0000  0.0   152.7500  0.0   120.2500  0.0   136.5000  0.0      3.3338
4   104.0000  0.0   152.7500  0.0   123.5000  0.0   133.2500  0.0      1.3871
4   104.0000  0.0   152.7500  0.0   126.7500  0.0   130.0000  0.0      0.5200
4   113.7500  0.0   152.7500  0.0   126.7500  0.0   139.7500  0.0      8.1754
4   113.7500  0.0   152.7500  0.0   130.0000  0.0   136.5000  0.0      3.6707
4   123.5000  0.0   152.7500  0.0   133.2500  0.0   143.0000  0.0     43.6374
4   123.5000  0.0   152.7500  0.0   136.5000  0.0   139.7500  0.0     19.0087
4   133.2500  0.0   152.7500  0.0   139.7500  0.0   146.2500  0.0    365.5149
4   143.0000  0.0   152.7500  0.0   146.2500  0.0   149.5000  0.0   1916.2131
4     0.0000  0.0   156.0000  0.0    52.0000  0.0   104.0000  0.0      6.4621
4     0.0000  0.0   156.0000  0.0    58.5000  0.0    97.5000  0.0      5.2047
4     0.0000  0.0   156.0000  0.0    65.0000  0.0    91.0000  0.0     10.9825
4     0.0000  0.0   156.0000  0.0    71.5000  0.0    84.5000  0.0      4.4619
4     9.7500  0.0   156.0000  0.0    58.5000  0.0   107.2500  0.0      5.0312
4     9.7500  0.0   156.0000  0.0    65.0000  0.0   100.7500  0.0      7.2264
4     9.7500  0.0   156.0000  0.0    71.5000  0.0    94.2500  0.0      5.4569
4     9.7500  0.0   156.0000  0.0    78.0000  0.0    87.7500  0.0      4.0330
4    19.5000  0.0   156.0000  0.0    65.0000  0.0   110.5000  0.0      4.9052
4    19.5000  0.0   156.0000  0.0    71.5000  0.0   104.0000  0.0      4.3937
4    19.5000  0.0   156.0000  0.0    78.0000  0.0    97.5000  0.0      4.6943
4    19.5000  0.0   156.0000  0.0    84.5000  0.0    91.0000  0.0     23.9665
4    29.2500  0.0   156.0000  0.0    71.5000  0.0   113.7500  0.0      3.8285
4    29.2500  0.0   156.0000  0.0    78.0000  0.0   107.2500  0.0      3.5088
4    29.2500  0.0   156.0000  0.0    84.5000  0.0   100.7500  0.0      9.2647
4    39.0000  0.0   156.0000  0.0    78.0000  0.0   117.0000  0.0      3.0619
4    39.0000  0.0   156.0000  0.0    84.5000  0.0   110.5000  0.0      2.9799
4    48.7500  0.0   156.0000  0.0    84.5000  0.0   120.2500  0.0      3.0013
4    48.7500  0.0   156.0000  0.0    97.5000  0.0   107.2500  0.0      1.7087
4    58.5000  0.0   156.0000  0.0    91.0000  0.0   123.5000  0.0      4.0106
4    58.5000  0.0   156.0000  0.0    97.5000  0.0   117.0000  0.0      2.4578
4    58.5000  0.0   156.0000  0.0   104.0000  0.0   110.5000  0.0      0.7619
4    68.2500  0.0   156.0000  0.0    97.5000  0.0   126.7500  0.0      4.6470
4    68.2500  0.0   156.0000  0.0   104.0000  0.0   120.2500  0.0      1.9867
4    68.2500  0.0   156.0000  0.0   110.5000  0.0   113.7500  0.0      1.6179
4    78.0000  0.0   156.0000  0.0   104.0000  0.0   130.0000  0.0      4.3780
4    78.0000  0.0   156.0000  0.0   107.2500  0.0   126.7500  0.0      5.3246
4    78.0000  0.0   156.0000  0.0   110.5000  0.0   123.5000  0.0      7.8818
4    78.0000  0.0   156.0000  0.0   113.7500  0.0   120.2500  0.0      2.9021
4    87.7500  0.0   156.0000  0.0   110.5000  0.0   133.2500  0.0      4.0401
4    87.7500  0.0   156.0000  0.0   113.7500  0.0   130.0000  0.0      4.1582
4    87.7500  0.0   156.0000  0.0   117.0000  0.0   126.7500  0.0      6.8520
4    87.7500  0.0   156.0000  0.0   120.2500  0.0   123.5000  0.0     19.5969
4    97.5000  0.0   156.0000  0.0   117.0000  0.0   136.5000  0.0      3.3722
4    97.5000  0.0   156.0000  0.0   120.2500  0.0   133.2500  0.0      3.6886
4   107.2500  0.0   156.0000  0.0   123.5000  0.0   139.7500  0.0      1.3465
4   107.2500  0.0   156.0000  0.0   126.7500  0.0   136.5000  0.0      2.5118
4   107.2500  0.0   156.0000  0.0   130.0000  0.0   133.2500  0.0      3.6747
4   117.0000  0.0   156.0000  0.0   130.0000  0.0   143.0000  0.0      4.1662
4   117.0000  0.0   156.0000  0.0   133.2500  0.0   139.7500  0.0      1.5041
4   126.7500  0.0   156.0000  0.0   136.5000  0.0   146.2500  0.0     23.7061
4   126.7500  0.0   156.0000  0.0   139.7500  0.0   143.0000  0.0      8.9780
4   136.5000  0.0   156.0000  0.0   143.0000  0.0   149.5000  0.0    450.2075
4   146.2500  0.0   156.0000  0.0   149.5000  0.0   152.7500  0.0   2703.7974
4     3.2500  0.0   159.2500  0.0    55.2500  0.0   107.2500  0.0      4.9003
4     3.2500  0.0   159.2500  0.0    61.7500  0.0   100.7500  0.0      6.9750
4     3.2500  0.0   159.2500  0.0    68.2500  0.0    94.2500  0.0      5.5456
4     3.2500  0.0   159.2500  0.0    74.7500  0.0    87.7500  0.0      4.2529
4    13.0000  0.0   159.2500  0.0    61.7500  0.0   110.5000  0.0      4.7925
4    13.0000  0.0   159.2500  0.0    68.2500  0.0   104.0000  0.0      4.1681
4    13.0000  0.0   159.2500  0.0    74.7500  0.0    97.5000  0.0      4.5867
4    13.0000  0.0   159.2500  0.0    81.2500  0.0    91.0000  0.0     15.2400
4    22.7500  0.0   159.2500  0.0    68.2500  0.0   113.7500  0.0      3.8463
4    22.7500  0.0   159.2500  0.0    74.7500  0.0   107.2500  0.0      3.5306
4    22.7500  0.0   159.2500  0.0    81.2500  0.0   100.7500  0.0      7.2927
4    22.7500  0.0   159.2500  0.0    87.7500  0.0    94.2500  0.0      7.0299
4    32.5000  0.0   159.2500  0.0    74.7500  0.0   117.0000  0.0      4.5802
4    32.5000  0.0   159.2500  0.0    81.2500  0.0   110.5000  0.0      3.7171
4    32.5000  0.0   159.2500  0.0    87.7500  0.0   104.0000  0.0      4.3581
4    32.5000  0.0   159.2500  0.0    94.2500  0.0    97.5000  0.0      2.2972
4    42.2500  0.0   159.2500  0.0    81.2500  0.0   120.2500  0.0      3.1974
4    42.2500  0.0   159.2500  0.0    87.7500  0.0   113.7500  0.0      3.0766
4    42.2500  0.0   159.2500  0.0    94.2500  0.0   107.2500  0.0      2.0652
4    52.0000  0.0   159.2500  0.0    87.7500  0.0   123.5000  0.0      5.4176
4    52.0000  0.0   159.2500  0.0    94.2500  0.0   117.0000  0.0      2.5690
4    61.7500  0.0   159.2500  0.0    94.2500  0.0   126.7500  0.0      4.2787
4    61.7500  0.0   159.2500  0.0   100.7500  0.0   120.2500  0.0      0.9325
4    61.7500  0.0   159.2500  0.0   107.2500  0.0   113.7500  0.0      2.4775
4    71.5000  0.0   159.2500  0.0   100.7500  0.0   130.0000  0.0      2.6873
4    71.5000  0.0   159.2500  0.0   107.2500  0.0   123.5000  0.0      6.6273
4    71.5000  0.0   159.2500  0.0   113.7500  0.0   117.0000  0.0      3.8509
4    81.2500  0.0   159.2500  0.0   107.2500  0.0   133.2500  0.0      4.6401
4    81.2500  0.0   159.2500  0.0   110.5000  0.0   130.0000  0.0      3.7343
4    81.2500  0.0   159.2500  0.0   113.7500  0.0   126.7500  0.0      5.7370
4    81.2500  0.0   159.2500  0.0   117.0000  0.0   123.5000  0.0     10.2178
4    91.0000  0.0   159.2500  0.0   113.7500  0.0   136.5000  0.0      2.7732
4    91.0000  0.0   159.2500  0.0   117.0000  0.0   133.2500  0.0      2.1115
4    91.0000  0.0   159.2500  0.0   120.2500  0.0   130.0000  0.0      2.2852
4    91.0000  0.0   159.2500  0.0   123.5000  0.0   126.7500  0.0      1.3769
4   100.7500  0.0   159.2500  0.0   120.2500  0.0   139.7500  0.0      1.9441
4   110.5000  0.0   159.2500  0.0   126.7500  0.0   143.0000  0.0      1.1071
4   110.5000  0.0   159.2500  0.0   130.0000  0.0   139.7500  0.0      1.4624
4   110.5000  0.0   159.2500  0.0   133.2500  0.0   136.5000  0.0      3.6176
4   120.2500  0.0   159.2500  0.0   133.2500  0.0   146.2500  0.0      1.5067
4   120.2500  0.0   159.2500  0.0   136.5000  0.0   143.0000  0.0      0.0775
4   130.0000  0.0   159.2500  0.0   139.7500  0.0   149.5000  0.0     16.6109
4   130.0000  0.0   159.2500  0.0   143.0000  0.0   146.2500  0.0      6.2076
4   139.7500  0.0   159.2500  0.0   146.2500  0.0   152.7500  0.0    462.5454
4   149.5000  0.0   159.2500  0.0   152.7500  0.0   156.0000  0.0   1536.2679
4     6.5000  0.0   162.5000  0.0    58.5000  0.0   110.5000  0.0      5.7501
4     6.5000  0.0   162.5000  0.0    65.0000  0.0   104.0000  0.0      4.5251
4     6.5000  0.0   162.5000  0.0    71.5000  0.0    97.5000  0.0      4.9014
4     6.5000  0.0   162.5000  0.0    78.0000  0.0    91.0000  0.0     10.5279
4    16.2500  0.0   162.5000  0.0    65.0000  0.0   113.7500  0.0      4.6448
4    16.2500  0.0   162.5000  0.0    71.5000  0.0   107.2500  0.0      3.6994
4    16.2500  0.0   162.5000  0.0    78.0000  0.0   100.7500  0.0      6.9664
4    16.2500  0.0   162.5000  0.0    84.5000  0.0    94.2500  0.0      5.4032
4    26.0000  0.0   162.5000  0.0    71.5000  0.0   117.0000  0.0      5.3651
4    26.0000  0.0   162.5000  0.0    78.0000  0.0   110.5000  0.0      3.5230
4    26.0000  0.0   162.5000  0.0    84.5000  0.0   104.0000  0.0      4.1728
4    35.7500  0.0   162.5000  0.0    78.0000  0.0   120.2500  0.0      4.6079
4    35.7500  0.0   162.5000  0.0    84.5000  0.0   113.7500  0.0      3.2711
4    35.7500  0.0   162.5000  0.0    97.5000  0.0   100.7500  0.0     16.7582
4    35.7500  0.0   162.5000  0.0    91.0000  0.0   107.2500  0.0      0.1981
4    45.5000  0.0   162.5000  0.0    84.5000  0.0   123.5000  0.0      5.4790
4    45.5000  0.0   162.5000  0.0    91.0000  0.0   117.0000  0.0      1.6580
4    45.5000  0.0   162.5000  0.0    97.5000  0.0   110.5000  0.0      2.4332
4    55.2500  0.0   162.5000  0.0    91.0000  0.0   126.7500  0.0      3.8017
4    55.2500  0.0   162.5000  0.0    97.5000  0.0   120.2500  0.0      2.6728
4    55.2500  0.0   162.5000  0.0   104.0000  0.0   113.7500  0.0      2.0612
4    65.0000  0.0   162.5000  0.0    97.5000  0.0   130.0000  0.0      3.5409
4    65.0000  0.0   162.5000  0.0   104.0000  0.0   123.5000  0.0      6.0107
4    65.0000  0.0   162.5000  0.0   110.5000  0.0   117.0000  0.0      3.1491
4    74.7500  0.0   162.5000  0.0   104.0000  0.0   133.2500  0.0      3.6197
4    74.7500  0.0   162.5000  0.0   110.5000  0.0   126.7500  0.0      5.4944
4    74.7500  0.0   162.5000  0.0   117.0000  0.0   120.2500  0.0      2.1023
4    84.5000  0.0   162.5000  0.0   110.5000  0.0   136.5000  0.0      4.0255
4    84.5000  0.0   162.5000  0.0   113.7500  0.0   133.2500  0.0      3.9713
4    84.5000  0.0   162.5000  0.0   117.0000  0.0   130.0000  0.0      4.0517
4    84.5000  0.0   162.5000  0.0   120.2500  0.0   126.7500  0.0      8.2081
4    94.2500  0.0   162.5000  0.0   117.0000  0.0   139.7500  0.0      3.0532
4    94.2500  0.0   162.5000  0.0   120.2500  0.0   136.5000  0.0      3.7681
4    94.2500  0.0   162.5000  0.0   123.5000  0.0   133.2500  0.0      1.1147
4   104.0000  0.0   162.5000  0.0   123.5000  0.0   143.0000  0.0      1.1470
4   104.0000  0.0   162.5000  0.0   126.7500  0.0   139.7500  0.0      1.1794
4   104.0000  0.0   162.5000  0.0   130.0000  0.0   136.5000  0.0      3.5498
4   113.7500  0.0   162.5000  0.0   130.0000  0.0   146.2500  0.0      1.1764
4   113.7500  0.0   162.5000  0.0   133.2500  0.0   143.0000  0.0      1.0105
4   123.5000  0.0   162.5000  0.0   136.5000  0.0   149.5000  0.0      2.0571
4   123.5000  0.0   162.5000  0.0   139.7500  0.0   146.2500  0.0      1.6816
4   133.2500  0.0   162.5000  0.0   143.0000  0.0   152.7500  0.0     31.8049
4   133.2500  0.0   162.5000  0.0   146.2500  0.0   149.5000  0.0     10.3246
4   143.0000  0.0   162.5000  0.0   149.5000  0.0   156.0000  0.0    501.4626
4   152.7500  0.0   162.5000  0.0   156.0000  0.0   159.2500  0.0   2065.3142
4     0.0000  0.0   165.7500  0.0    55.2500  0.0   110.5000  0.0      5.7662
4     0.0000  0.0   165.7500  0.0    61.7500  0.0   104.0000  0.0      5.0574
4     0.0000  0.0   165.7500  0.0    68.2500  0.0    97.5000  0.0      5.2584
4     0.0000  0.0   165.7500  0.0    74.7500  0.0    91.0000  0.0      9.2486
4     9.7500  0.0   165.7500  0.0    61.7500  0.0   113.7500  0.0      5.1098
4     9.7500  0.0   165.7500  0.0    68.2500  0.0   107.2500  0.0      4.1890
4     9.7500  0.0   165.7500  0.0    74.7500  0.0   100.7500  0.0      7.1639
4     9.7500  0.0   165.7500  0.0    81.2500  0.0    94.2500  0.0      5.6121
4    19.5000  0.0   165.7500  0.0    68.2500  0.0   117.0000  0.0      4.7282
4    19.5000  0.0   165.7500  0.0    74.7500  0.0   110.5000  0.0      3.7218
4    19.5000  0.0   165.7500  0.0    81.2500  0.0   104.0000  0.0      4.2630
4    19.5000  0.0   165.7500  0.0    87.7500  0.0    97.5000  0.0      5.4825
4    29.2500  0.0   165.7500  0.0    74.7500  0.0   120.2500  0.0      3.8456
4    29.2500  0.0   165.7500  0.0    81.2500  0.0   113.7500  0.0      3.3814
4    29.2500  0.0   165.7500  0.0    87.7500  0.0   107.2500  0.0      3.7033
4    29.2500  0.0   165.7500  0.0    94.2500  0.0   100.7500  0.0     10.8123
4    39.0000  0.0   165.7500  0.0    81.2500  0.0   123.5000  0.0      7.1577
4    39.0000  0.0   165.7500  0.0    87.7500  0.0   117.0000  0.0      3.5394
4    39.0000  0.0   165.7500  0.0    94.2500  0.0   110.5000  0.0      2.8553
4    48.7500  0.0   165.7500  0.0    87.7500  0.0   126.7500  0.0      4.9689
4    48.7500  0.0   165.7500  0.0    94.2500  0.0   120.2500  0.0      2.9333
4    58.5000  0.0   165.7500  0.0    94.2500  0.0   130.0000  0.0      3.7227
4    58.5000  0.0   165.7500  0.0   100.7500  0.0   123.5000  0.0      4.7068
4    58.5000  0.0   165.7500  0.0   107.2500  0.0   117.0000  0.0      3.3643
4    68.2500  0.0   165.7500  0.0   100.7500  0.0   133.2500  0.0      3.1329
4    68.2500  0.0   165.7500  0.0   107.2500  0.0   126.7500  0.0      5.4529
4    68.2500  0.0   165.7500  0.0   113.7500  0.0   120.2500  0.0      3.3072
4    78.0000  0.0   165.7500  0.0   107.2500  0.0   136.5000  0.0      4.0716
4    78.0000  0.0   165.7500  0.0   113.7500  0.0   130.0000  0.0      4.2967
4    78.0000  0.0   165.7500  0.0   120.2500  0.0   123.5000  0.0     18.2856
4    87.7500  0.0   165.7500  0.0   113.7500  0.0   139.7500  0.0      2.6267
4    87.7500  0.0   165.7500  0.0   117.0000  0.0   136.5000  0.0      4.2051
4    87.7500  0.0   165.7500  0.0   120.2500  0.0   133.2500  0.0      4.5485
4    97.5000  0.0   165.7500  0.0   120.2500  0.0   143.0000  0.0      3.0308
4    97.5000  0.0   165.7500  0.0   123.5000  0.0   139.7500  0.0      0.5633
4    97.5000  0.0   165.7500  0.0   126.7500  0.0   136.5000  0.0      1.5849
4    97.5000  0.0   165.7500  0.0   130.0000  0.0   133.2500  0.0      3.6062
4   107.2500  0.0   165.7500  0.0   126.7500  0.0   146.2500  0.0      1.0164
4   107.2500  0.0   165.7500  0.0   130.0000  0.0   143.0000  0.0      1.5449
4   107.2500  0.0   165.7500  0.0   133.2500  0.0   139.7500  0.0      0.8658
4   117.0000  0.0   165.7500  0.0   133.2500  0.0   149.5000  0.0      0.8194
4   117.0000  0.0   165.7500  0.0   136.5000  0.0   146.2500  0.0      0.2060
4   117.0000  0.0   165.7500  0.0   139.7500  0.0   143.0000  0.0      1.2277
4   126.7500  0.0   165.7500  0.0   139.7500  0.0   152.7500  0.0      2.2731
4   126.7500  0.0   165.7500  0.0   143.0000  0.0   149.5000  0.0      1.4976
4   136.5000  0.0   165.7500  0.0   146.2500  0.0   156.0000  0.0     73.7301
4   136.5000  0.0   165.7500  0.0   149.5000  0.0   152.7500  0.0     33.7869
4   146.2500  0.0   165.7500  0.0   152.7500  0.0   159.2500  0.0    255.5885
4   156.0000  0.0   165.7500  0.0   159.2500  0.0   162.5000  0.0   2264.8823
4     3.2500  0.0   169.0000  0.0    58.5000  0.0   113.7500  0.0      5.8529
4     3.2500  0.0   169.0000  0.0    65.0000  0.0   107.2500  0.0      4.4764
4     3.2500  0.0   169.0000  0.0    71.5000  0.0   100.7500  0.0      7.1598
4     3.2500  0.0   169.0000  0.0    78.0000  0.0    94.2500  0.0      1.8590
4     3.2500  0.0   169.0000  0.0    84.5000  0.0    87.7500  0.0      3.2322
4    13.0000  0.0   169.0000  0.0    65.0000  0.0   117.0000  0.0      5.5065
4    13.0000  0.0   169.0000  0.0    71.5000  0.0   110.5000  0.0      4.0189
4    13.0000  0.0   169.0000  0.0    78.0000  0.0   104.0000  0.0      4.6503
4    13.0000  0.0   169.0000  0.0    84.5000  0.0    97.5000  0.0      5.5856
4    22.7500  0.0   169.0000  0.0    71.5000  0.0   120.2500  0.0      4.7059
4    22.7500  0.0   169.0000  0.0    78.0000  0.0   113.7500  0.0      3.6329
4    22.7500  0.0   169.0000  0.0    84.5000  0.0   107.2500  0.0      3.8225
4    22.7500  0.0   169.0000  0.0    91.0000  0.0   100.7500  0.0     20.1326
4    32.5000  0.0   169.0000  0.0    78.0000  0.0   123.5000  0.0      8.6841
4    32.5000  0.0   169.0000  0.0    84.5000  0.0   117.0000  0.0      3.7572
4    32.5000  0.0   169.0000  0.0    91.0000  0.0   110.5000  0.0      8.0692
4    32.5000  0.0   169.0000  0.0    97.5000  0.0   104.0000  0.0      3.8346
4    42.2500  0.0   169.0000  0.0    84.5000  0.0   126.7500  0.0      8.0646
4    42.2500  0.0   169.0000  0.0    91.0000  0.0   120.2500  0.0      5.8365
4    42.2500  0.0   169.0000  0.0    97.5000  0.0   113.7500  0.0      2.7089
4    52.0000  0.0   169.0000  0.0    91.0000  0.0   130.0000  0.0      6.1070
4    52.0000  0.0   169.0000  0.0    97.5000  0.0   123.5000  0.0      7.4963
4    52.0000  0.0   169.0000  0.0   104.0000  0.0   117.0000  0.0      2.8532
4    61.7500  0.0   169.0000  0.0    97.5000  0.0   133.2500  0.0      4.6805
4    61.7500  0.0   169.0000  0.0   104.0000  0.0   126.7500  0.0      6.3729
4    61.7500  0.0   169.0000  0.0   110.5000  0.0   120.2500  0.0      3.2262
4    71.5000  0.0   169.0000  0.0   104.0000  0.0   136.5000  0.0      4.8105
4    71.5000  0.0   169.0000  0.0   110.5000  0.0   130.0000  0.0      5.1329
4    71.5000  0.0   169.0000  0.0   117.0000  0.0   123.5000  0.0     15.8158
4    81.2500  0.0   169.0000  0.0   110.5000  0.0   139.7500  0.0      3.3306
4    81.2500  0.0   169.0000  0.0   117.0000  0.0   133.2500  0.0      5.5986
4    91.0000  0.0   169.0000  0.0   117.0000  0.0   143.0000  0.0      2.4381
4    91.0000  0.0   169.0000  0.0   120.2500  0.0   139.7500  0.0      2.2358
4    91.0000  0.0   169.0000  0.0   123.5000  0.0   136.5000  0.0      1.0467
4    91.0000  0.0   169.0000  0.0   126.7500  0.0   133.2500  0.0      0.1079
4   100.7500  0.0   169.0000  0.0   130.0000  0.0   139.7500  0.0      1.3272
4   100.7500  0.0   169.0000  0.0   133.2500  0.0   136.5000  0.0      1.4615
4   110.5000  0.0   169.0000  0.0   130.0000  0.0   149.5000  0.0      1.0864
4   110.5000  0.0   169.0000  0.0   133.2500  0.0   146.2500  0.0      0.5064
4   120.2500  0.0   169.0000  0.0   136.5000  0.0   152.7500  0.0      0.8079
4   120.2500  0.0   169.0000  0.0   139.7500  0.0   149.5000  0.0      0.8657
4   120.2500  0.0   169.0000  0.0   143.0000  0.0   146.2500  0.0      0.2642
4   130.0000  0.0   169.0000  0.0   143.0000  0.0   156.0000  0.0      3.1794
4   130.0000  0.0   169.0000  0.0   146.2500  0.0   152.7500  0.0      1.6758
4   139.7500  0.0   169.0000  0.0   149.5000  0.0   159.2500  0.0     96.9138
4   139.7500  0.0   169.0000  0.0   152.7500  0.0   156.0000  0.0     18.6850
4   149.5000  0.0   169.0000  0.0   156.0000  0.0   162.5000  0.0    192.9053
4   159.2500  0.0   169.0000  0.0   162.5000  0.0   165.7500  0.0   1989.3077
4     6.5000  0.0   172.2500  0.0    61.7500  0.0   117.0000  0.0      7.7460
4     6.5000  0.0   172.2500  0.0    68.2500  0.0   110.5000  0.0      4.6128
4     6.5000  0.0   172.2500  0.0    74.7500  0.0   104.0000  0.0      5.6197
4     6.5000  0.0   172.2500  0.0    81.2500  0.0    97.5000  0.0      6.0754
4    16.2500  0.0   172.2500  0.0    68.2500  0.0   120.2500  0.0      6.8109
4    16.2500  0.0   172.2500  0.0    74.7500  0.0   113.7500  0.0      3.9662
4    16.2500  0.0   172.2500  0.0    81.2500  0.0   107.2500  0.0      4.1458
4    16.2500  0.0   172.2500  0.0    87.7500  0.0   100.7500  0.0     11.3409
4    26.0000  0.0   172.2500  0.0    74.7500  0.0   123.5000  0.0     11.8774
4    26.0000  0.0   172.2500  0.0    81.2500  0.0   117.0000  0.0      4.0894
4    26.0000  0.0   172.2500  0.0    87.7500  0.0   110.5000  0.0      3.9711
4    26.0000  0.0   172.2500  0.0    94.2500  0.0   104.0000  0.0      8.3700
4    35.7500  0.0   172.2500  0.0    81.2500  0.0   126.7500  0.0     10.0368
4    35.7500  0.0   172.2500  0.0    87.7500  0.0   120.2500  0.0      3.8680
4    35.7500  0.0   172.2500  0.0    94.2500  0.0   113.7500  0.0      4.5894
4    45.5000  0.0   172.2500  0.0    87.7500  0.0   130.0000  0.0      7.4064
4    45.5000  0.0   172.2500  0.0    94.2500  0.0   123.5000  0.0     10.1768
4    45.5000  0.0   172.2500  0.0   107.2500  0.0   110.5000  0.0      3.8764
4    45.5000  0.0   172.2500  0.0   100.7500  0.0   117.0000  0.0      0.2660
4    55.2500  0.0   172.2500  0.0    94.2500  0.0   133.2500  0.0      6.6064
4    55.2500  0.0   172.2500  0.0   100.7500  0.0   126.7500  0.0      6.5896
4    55.2500  0.0   172.2500  0.0   107.2500  0.0   120.2500  0.0      3.7408
4    65.0000  0.0   172.2500  0.0   100.7500  0.0   136.5000  0.0      5.3973
4    65.0000  0.0   172.2500  0.0   107.2500  0.0   130.0000  0.0      6.9915
4    65.0000  0.0   172.2500  0.0   113.7500  0.0   123.5000  0.0     17.6429
4    74.7500  0.0   172.2500  0.0   107.2500  0.0   139.7500  0.0      4.1804
4    74.7500  0.0   172.2500  0.0   113.7500  0.0   133.2500  0.0      7.5548
4    74.7500  0.0   172.2500  0.0   120.2500  0.0   126.7500  0.0     17.5546
4    84.5000  0.0   172.2500  0.0   113.7500  0.0   143.0000  0.0      3.5953
4    84.5000  0.0   172.2500  0.0   120.2500  0.0   136.5000  0.0      8.0147
4    94.2500  0.0   172.2500  0.0   120.2500  0.0   146.2500  0.0      3.2566
4    94.2500  0.0   172.2500  0.0   130.0000  0.0   136.5000  0.0      5.7705
4    94.2500  0.0   172.2500  0.0   123.5000  0.0   143.0000  0.0      0.3040
4    94.2500  0.0   172.2500  0.0   126.7500  0.0   139.7500  0.0      0.1812
4   104.0000  0.0   172.2500  0.0   126.7500  0.0   149.5000  0.0      0.6971
4   104.0000  0.0   172.2500  0.0   130.0000  0.0   146.2500  0.0      0.5372
4   104.0000  0.0   172.2500  0.0   133.2500  0.0   143.0000  0.0      0.0270
4   113.7500  0.0   172.2500  0.0   133.2500  0.0   152.7500  0.0      0.8455
4   113.7500  0.0   172.2500  0.0   139.7500  0.0   146.2500  0.0      0.0793
4   123.5000  0.0   172.2500  0.0   139.7500  0.0   156.0000  0.0      1.0915
4   123.5000  0.0   172.2500  0.0   143.0000  0.0   152.7500  0.0      1.5117
4   123.5000  0.0   172.2500  0.0   146.2500  0.0   149.5000  0.0      1.3961
4   133.2500  0.0   172.2500  0.0   146.2500  0.0   159.2500  0.0      6.7694
4   133.2500  0.0   172.2500  0.0   149.5000  0.0   156.0000  0.0      2.5858
4   143.0000  0.0   172.2500  0.0   152.7500  0.0   162.5000  0.0     50.4700
4   143.0000  0.0   172.2500  0.0   156.0000  0.0   159.2500  0.0      9.3104
4   152.7500  0.0   172.2500  0.0   159.2500  0.0   165.7500  0.0    212.6118
4   162.5000  0.0   172.2500  0.0   165.7500  0.0   169.0000  0.0   2878.9834
4     9.7500  0.0   175.5000  0.0    65.0000  0.0   120.2500  0.0      7.5486
4     9.7500  0.0   175.5000  0.0    71.5000  0.0   113.7500  0.0      4.2414
4     9.7500  0.0   175.5000  0.0    78.0000  0.0   107.2500  0.0      4.6413
4     9.7500  0.0   175.5000  0.0    84.5000  0.0   100.7500  0.0      5.4152
4     9.7500  0.0   175.5000  0.0    91.0000  0.0    94.2500  0.0      1.2096
4    19.5000  0.0   175.5000  0.0    71.5000  0.0   123.5000  0.0      6.4038
4    19.5000  0.0   175.5000  0.0    78.0000  0.0   117.0000  0.0      3.9877
4    19.5000  0.0   175.5000  0.0    84.5000  0.0   110.5000  0.0      3.9401
4    19.5000  0.0   175.5000  0.0    91.0000  0.0   104.0000  0.0      4.3514
4    29.2500  0.0   175.5000  0.0    78.0000  0.0   126.7500  0.0      5.2521
4    29.2500  0.0   175.5000  0.0    84.5000  0.0   120.2500  0.0      3.7085
4    29.2500  0.0   175.5000  0.0    91.0000  0.0   113.7500  0.0      3.1874
4    29.2500  0.0   175.5000  0.0    97.5000  0.0   107.2500  0.0      3.6711
4    39.0000  0.0   175.5000  0.0    84.5000  0.0   130.0000  0.0      5.5824
4    39.0000  0.0   175.5000  0.0    91.0000  0.0   123.5000  0.0      3.8047
4    39.0000  0.0   175.5000  0.0    97.5000  0.0   117.0000  0.0      3.5457
4    39.0000  0.0   175.5000  0.0   104.0000  0.0   110.5000  0.0      1.8132
4    48.7500  0.0   175.5000  0.0    91.0000  0.0   133.2500  0.0      4.7901
4    48.7500  0.0   175.5000  0.0    97.5000  0.0   126.7500  0.0      3.6319
4    48.7500  0.0   175.5000  0.0   104.0000  0.0   120.2500  0.0      2.7169
4    48.7500  0.0   175.5000  0.0   110.5000  0.0   113.7500  0.0      2.4389
4    58.5000  0.0   175.5000  0.0    97.5000  0.0   136.5000  0.0      3.4194
4    58.5000  0.0   175.5000  0.0   104.0000  0.0   130.0000  0.0      3.0213
4    58.5000  0.0   175.5000  0.0   110.5000  0.0   123.5000  0.0      4.1806
4    68.2500  0.0   175.5000  0.0   104.0000  0.0   139.7500  0.0      2.6340
4    68.2500  0.0   175.5000  0.0   110.5000  0.0   133.2500  0.0      3.3197
4    68.2500  0.0   175.5000  0.0   117.0000  0.0   126.7500  0.0      3.7086
4    78.0000  0.0   175.5000  0.0   110.5000  0.0   143.0000  0.0      2.4884
4    78.0000  0.0   175.5000  0.0   117.0000  0.0   136.5000  0.0      3.1139
4    78.0000  0.0   175.5000  0.0   123.5000  0.0   130.0000  0.0      1.8699
4    87.7500  0.0   175.5000  0.0   117.0000  0.0   146.2500  0.0      2.1609
4    87.7500  0.0   175.5000  0.0   123.5000  0.0   139.7500  0.0      2.0738
4    87.7500  0.0   175.5000  0.0   130.0000  0.0   133.2500  0.0      3.4370
4    97.5000  0.0   175.5000  0.0   123.5000  0.0   149.5000  0.0      2.0799
4    97.5000  0.0   175.5000  0.0   126.7500  0.0   146.2500  0.0      1.3153
4    97.5000  0.0   175.5000  0.0   130.0000  0.0   143.0000  0.0      1.8405
4    97.5000  0.0   175.5000  0.0   133.2500  0.0   139.7500  0.0      1.6207
4   107.2500  0.0   175.5000  0.0   130.0000  0.0   152.7500  0.0      2.3017
4   107.2500  0.0   175.5000  0.0   133.2500  0.0   149.5000  0.0      1.4886
4   107.2500  0.0   175.5000  0.0   136.5000  0.0   146.2500  0.0      1.3194
4   107.2500  0.0   175.5000  0.0   139.7500  0.0   143.0000  0.0      1.7469
4   117.0000  0.0   175.5000  0.0   136.5000  0.0   156.0000  0.0      1.4605
4   117.0000  0.0   175.5000  0.0   139.7500  0.0   152.7500  0.0      1.4936
4   117.0000  0.0   175.5000  0.0   143.0000  0.0   149.5000  0.0      1.2618
4   126.7500  0.0   175.5000  0.0   143.0000  0.0   159.2500  0.0      1.5153
4   126.7500  0.0   175.5000  0.0   146.2500  0.0   156.0000  0.0      0.2536
4   126.7500  0.0   175.5000  0.0   149.5000  0.0   152.7500  0.0      0.1641
4   136.5000  0.0   175.5000  0.0   149.5000  0.0   162.5000  0.0     15.9381
4   136.5000  0.0   175.5000  0.0   152.7500  0.0   159.2500  0.0      2.8389
4   146.2500  0.0   175.5000  0.0   156.0000  0.0   165.7500  0.0     25.2018
4   146.2500  0.0   175.5000  0.0   159.2500  0.0   162.5000  0.0      4.9188
4   156.0000  0.0   175.5000  0.0   162.5000  0.0   169.0000  0.0    224.8003
4   165.7500  0.0   175.5000  0.0   169.0000  0.0   172.2500  0.0   2881.6995
4     3.2500  0.0   178.7500  0.0    61.7500  0.0   120.2500  0.0      4.7211
4     3.2500  0.0   178.7500  0.0    71.5000  0.0   110.5000  0.0      4.5622
4     3.2500  0.0   178.7500  0.0    81.2500  0.0   100.7500  0.0      4.3084
4    13.0000  0.0   178.7500  0.0    68.2500  0.0   123.5000  0.0      5.7669
4    13.0000  0.0   178.7500  0.0    74.7500  0.0   117.0000  0.0      4.1578
4    13.0000  0.0   178.7500  0.0    81.2500  0.0   110.5000  0.0      4.2518
4    13.0000  0.0   178.7500  0.0    87.7500  0.0   104.0000  0.0      5.5669
4    13.0000  0.0   178.7500  0.0    94.2500  0.0    97.5000  0.0      3.8840
4    22.7500  0.0   178.7500  0.0    74.7500  0.0   126.7500  0.0      5.0368
4    22.7500  0.0   178.7500  0.0    81.2500  0.0   120.2500  0.0      3.8587
4    22.7500  0.0   178.7500  0.0    87.7500  0.0   113.7500  0.0      3.8777
4    22.7500  0.0   178.7500  0.0    94.2500  0.0   107.2500  0.0      3.9546
4    32.5000  0.0   178.7500  0.0    81.2500  0.0   130.0000  0.0      5.1097
4    32.5000  0.0   178.7500  0.0    87.7500  0.0   123.5000  0.0      4.0979
4    32.5000  0.0   178.7500  0.0    94.2500  0.0   117.0000  0.0      3.6871
4    32.5000  0.0   178.7500  0.0   100.7500  0.0   110.5000  0.0      2.9428
4    42.2500  0.0   178.7500  0.0    87.7500  0.0   133.2500  0.0      5.4818
4    42.2500  0.0   178.7500  0.0    94.2500  0.0   126.7500  0.0      3.6397
4    42.2500  0.0   178.7500  0.0   100.7500  0.0   120.2500  0.0      3.1890
4    42.2500  0.0   178.7500  0.0   107.2500  0.0   113.7500  0.0      2.8234
4    52.0000  0.0   178.7500  0.0    94.2500  0.0   136.5000  0.0      5.8476
4    52.0000  0.0   178.7500  0.0   100.7500  0.0   130.0000  0.0      3.1743
4    52.0000  0.0   178.7500  0.0   107.2500  0.0   123.5000  0.0      3.7989
4    52.0000  0.0   178.7500  0.0   113.7500  0.0   117.0000  0.0      4.7593
4    61.7500  0.0   178.7500  0.0   100.7500  0.0   139.7500  0.0      2.8264
4    61.7500  0.0   178.7500  0.0   107.2500  0.0   133.2500  0.0      3.1623
4    61.7500  0.0   178.7500  0.0   113.7500  0.0   126.7500  0.0      3.6771
4    71.5000  0.0   178.7500  0.0   107.2500  0.0   143.0000  0.0      2.6977
4    71.5000  0.0   178.7500  0.0   113.7500  0.0   136.5000  0.0      3.2530
4    71.5000  0.0   178.7500  0.0   120.2500  0.0   130.0000  0.0      3.1143
4    81.2500  0.0   178.7500  0.0   113.7500  0.0   146.2500  0.0      2.4299
4    81.2500  0.0   178.7500  0.0   120.2500  0.0   139.7500  0.0      2.6353
4    81.2500  0.0   178.7500  0.0   126.7500  0.0   133.2500  0.0      2.4645
4    91.0000  0.0   178.7500  0.0   120.2500  0.0   149.5000  0.0      1.6573
4    91.0000  0.0   178.7500  0.0   126.7500  0.0   143.0000  0.0      2.7991
4    91.0000  0.0   178.7500  0.0   133.2500  0.0   136.5000  0.0      0.3536
4   100.7500  0.0   178.7500  0.0   126.7500  0.0   152.7500  0.0      0.7408
4   100.7500  0.0   178.7500  0.0   130.0000  0.0   149.5000  0.0      2.2057
4   100.7500  0.0   178.7500  0.0   133.2500  0.0   146.2500  0.0      3.0326
4   100.7500  0.0   178.7500  0.0   136.5000  0.0   143.0000  0.0      5.2592
4   110.5000  0.0   178.7500  0.0   133.2500  0.0   156.0000  0.0      1.7405
4   110.5000  0.0   178.7500  0.0   136.5000  0.0   152.7500  0.0      1.6101
4   110.5000  0.0   178.7500  0.0   139.7500  0.0   149.5000  0.0      1.5184
4   110.5000  0.0   178.7500  0.0   143.0000  0.0   146.2500  0.0      1.5017
4   120.2500  0.0   178.7500  0.0   139.7500  0.0   159.2500  0.0      1.4747
4   120.2500  0.0   178.7500  0.0   143.0000  0.0   156.0000  0.0      1.4741
4   120.2500  0.0   178.7500  0.0   146.2500  0.0   152.7500  0.0      1.4435
4   130.0000  0.0   178.7500  0.0   146.2500  0.0   162.5000  0.0      1.5269
4   130.0000  0.0   178.7500  0.0   149.5000  0.0   159.2500  0.0      1.1621
4   139.7500  0.0   178.7500  0.0   152.7500  0.0   165.7500  0.0      9.4570
4   139.7500  0.0   178.7500  0.0   156.0000  0.0   162.5000  0.0      3.0673
4   149.5000  0.0   178.7500  0.0   159.2500  0.0   169.0000  0.0     14.2156
4   149.5000  0.0   178.7500  0.0   162.5000  0.0   165.7500  0.0      3.3560
4   159.2500  0.0   178.7500  0.0   165.7500  0.0   172.2500  0.0    227.9932
4   169.0000  0.0   178.7500  0.0   172.2500  0.0   175.5000  0.0   3308.2603